seed = 1
n_neurons = 2000

gtr_0 = -0.5295081828126316
gtr_1 = -0.5911858520115587
gtr_2 = -0.6637843867935102
gtr_3 = -0.6987881443258661
gtr_4 = -0.6633578821265366
gtr_5 = -0.6896657007764646
gtr_6 = -0.6903205781030666
gtr_7 = -0.6223191451537249
gtr_8 = -0.6613667942615032
gtr_9 = -0.6657699672575047
ntr_0 = -0.646621062798141
ntr_1 = -0.6541413136044041
ntr_2 = -0.657451990672198
ntr_3 = -0.5905690402464812
ntr_4 = -0.6522595612973167
ntr_5 = -0.582636182768261
ntr_6 = -0.4938523715841861
ntr_7 = -0.5735626233706648
ntr_8 = -0.8441520693043341
ntr_9 = -0.6932925090725661
ntr_10 = -0.7090433357890579
ntr_11 = -0.6298474138277078
ntr_12 = -0.5555074616149077
ntr_13 = -0.5580806960919878
ntr_14 = -0.7732577526506383
ntr_15 = -0.730853136727263
ntr_16 = -0.6233621651707345
ntr_17 = -0.650541600013457
ntr_18 = -0.7700067797589654
ntr_19 = -0.849571470365395
gtst_0 = -0.5112231807149745
gtst_1 = -0.6813015252081321
gtst_2 = -0.6892260582940489
ntst_0 = -0.7538213715289495
ntst_1 = -0.4817900695381468
ntst_2 = -0.4704067617119893
ntst_3 = -0.7143751042017977
ntst_4 = -0.7015536283595796
aim_0 = -0.6410669297401018
aim_1 = -0.771145224967181
aim_2 = -0.7336100393085713
aim_3 = -0.7273869255403763
aim_4 = -0.6830039449392407
aim_5 = -0.6938865875024601
aim_6 = -0.7239045176182457
aim_7 = -0.9528168581102453
aim_8 = -0.8990916497713726
aim_9 = -0.6625598832287372
aim_10 = -0.8222404224704495
aim_11 = -0.6529332395447003
aim_12 = -0.6788233597390351
aim_13 = -0.6995872033154676
aim_14 = -0.6863016224193571
aim_15 = -0.7163076746496101
aim_16 = -0.7296863481878484
aim_17 = -0.7225334439246696
aim_18 = -0.6631586185620078
aim_19 = -0.6301533985480497
aim_20 = -0.6473733403825171
