seed = 1
n_neurons = 1000
n_train_pattern = 3

mean_goal = 0.6791771448197486
std_goal = 0.37547019481861477
median_goal = 0.7100464410811007
mean_aimless = 0.21043806597380815
std_aimless = 0.9440981776243782
median_aimless = 0.45884193916587185
mean_noplay = -0.5264814540286827
std_noplay = 0.3592705130344385
median_noplay = -0.6177270347116713
