seed = 4
n_neurons = 2000
n_train_pattern = 3

mean_goal = 0.17304826383184135
std_goal = 0.5365695552038194
median_goal = -0.025234693665916914
mean_aimless = 0.012248638781374015
std_aimless = 0.7573184218240602
median_aimless = 0.029871479801825408
mean_noplay = -0.7372502799435037
std_noplay = 0.3450511679997039
median_noplay = -0.8005952383188847
