seed = 0
n_neurons = 5000
n_train_pattern = 3

mean_goal = 0.9497720478831464
std_goal = 0.6082812503631015
median_goal = 0.9770990065665942
mean_aimless = 0.49348152409813084
std_aimless = 0.6307597848085915
median_aimless = 0.8493880289315373
mean_noplay = -0.9007527822164143
std_noplay = 0.1374722898262475
median_noplay = -0.9414182669281883
