seed = 4
n_neurons = 200
n_train_pattern = 3

mean_goal = -0.03929740056450586
std_goal = 0.35645585689962606
median_goal = -0.206964468874425
mean_aimless = 0.035394248968412256
std_aimless = 0.6071255353312457
median_aimless = 0.011008153972420371
mean_noplay = -0.61476118574418
std_noplay = 0.244305549415556
median_noplay = -0.6903433947561558
