seed = 2
n_neurons = 1000
n_train_pattern = 3

mean_goal = 0.6718203403029978
std_goal = 0.36261739891358874
median_goal = 0.7730049183931669
mean_aimless = 0.09545198418332948
std_aimless = 0.583529859873021
median_aimless = -0.016282814984331706
mean_noplay = -0.7932998142962994
std_noplay = 0.21152289709084404
median_noplay = -0.8803313563425745
