seed = 3
n_neurons = 5000
n_train_pattern = 3

mean_goal = 0.12769354401211602
std_goal = 0.6836326872416679
median_goal = 0.21324607095100678
mean_aimless = 0.2055130731095075
std_aimless = 0.984691434405497
median_aimless = 0.5014786623561693
mean_noplay = 0.30809197628346124
std_noplay = 0.49071033671466247
median_noplay = 0.28421176612764976
