seed = 4
n_neurons = 1000
n_train_pattern = 3

mean_goal = 0.15486806509463769
std_goal = 0.4934055459634932
median_goal = -0.00046992314912283915
mean_aimless = -0.02515918033225166
std_aimless = 0.7341521113968555
median_aimless = 0.06426961119787024
mean_noplay = -0.7640977080860084
std_noplay = 0.3525248514875637
median_noplay = -0.8557727162482064
