seed = 1
n_neurons = 200
n_train_pattern = 3

mean_goal = 0.4888353481142792
std_goal = 0.38794647111487685
median_goal = 0.4641356335827377
mean_aimless = 0.05609000774426562
std_aimless = 0.7088358084273959
median_aimless = 0.32523789798831754
mean_noplay = -0.4406520906071386
std_noplay = 0.20554556737253016
median_noplay = -0.500323313398034
