seed = 1
n_neurons = 2000

gtr_0 = -0.100747178871334
gtr_1 = -0.385170128240249
gtr_2 = -0.7288618094111201
gtr_3 = -0.745590732073125
gtr_4 = -0.748106125419617
gtr_5 = -0.7453836561015679
gtr_6 = -0.7473972476170997
gtr_7 = -0.745476034008895
gtr_8 = -0.7453120602247307
gtr_9 = -0.7465924989966659
ntr_0 = nan
ntr_1 = -0.10910296908192624
ntr_2 = -0.13727638914165805
ntr_3 = -0.25822490314179775
ntr_4 = -0.6666014917704791
ntr_5 = -0.7421240469410417
ntr_6 = -0.7513938099478062
ntr_7 = -0.7455233272005778
ntr_8 = -0.7478977805197551
ntr_9 = -0.7457163746007707
ntr_10 = -0.7460854334731052
ntr_11 = -0.7539160131039229
ntr_12 = -0.7463840710448532
ntr_13 = -0.7498100129151385
ntr_14 = -0.7460181503915946
ntr_15 = -0.7465833171832108
ntr_16 = -0.7454526909978672
ntr_17 = -0.743006882741392
ntr_18 = -0.7391332149560591
ntr_19 = -0.7428996560645375
gtst_0 = -0.7560731752062575
gtst_1 = -0.8278427341574289
gtst_2 = -0.8260151161077587
ntst_0 = nan
ntst_1 = -0.8265986496293909
ntst_2 = -0.8281419451929233
ntst_3 = -0.826056110636222
ntst_4 = -0.8260135910729721
aim_0 = -0.11108809637714517
aim_1 = -0.4951649193314772
aim_2 = -0.6649071637363642
aim_3 = -0.6802126985355411
aim_4 = -0.679132222123269
aim_5 = -0.6773754964194184
aim_6 = -0.6780120859578861
aim_7 = -0.6793052659306108
aim_8 = -0.6781839147739479
aim_9 = -0.67731035614936
aim_10 = -0.6776797591860779
aim_11 = -0.6782498455197051
aim_12 = -0.6778641281763201
aim_13 = -0.6787881333083371
aim_14 = -0.6780235340935585
aim_15 = -0.6768736015488
aim_16 = -0.6767906429528084
aim_17 = -0.6778784529631935
aim_18 = -0.6778798077879913
aim_19 = -0.6779376062878197
aim_20 = -0.6777339113540352
