seed = 1
n_neurons = 2000

gtr_0 = -0.10524192027310939
gtr_1 = -0.39049018217895964
gtr_2 = -0.7288571988226615
gtr_3 = -0.7455717277155455
gtr_4 = -0.7482196932055692
gtr_5 = -0.7453662306038374
gtr_6 = -0.7476939074139473
gtr_7 = -0.7447661838838561
gtr_8 = -0.7453881555027816
gtr_9 = -0.7470536349584964
ntr_0 = -0.7440872439491363
ntr_1 = -0.10821623799258094
ntr_2 = -0.1343428325878974
ntr_3 = -0.2351430289434872
ntr_4 = -0.6537149048281438
ntr_5 = -0.7423783960731167
ntr_6 = -0.7438674905381795
ntr_7 = -0.7456901220589673
ntr_8 = -0.7466776848287744
ntr_9 = -0.7516259680820312
ntr_10 = -0.7533904737497307
ntr_11 = -0.7445240248409338
ntr_12 = -0.751332373151316
ntr_13 = -0.7460667718118884
ntr_14 = -0.7473897579545986
ntr_15 = -0.7483244259396897
ntr_16 = -0.7447774722125912
ntr_17 = -0.7443012011136982
ntr_18 = -0.7394182329986678
ntr_19 = -0.7429307619135017
gtst_0 = -0.75721566855955
gtst_1 = -0.8278687639548724
gtst_2 = -0.8260326312953551
ntst_0 = -0.8260586373043236
ntst_1 = -0.8266361373203021
ntst_2 = -0.8278645360384373
ntst_3 = -0.8260924100038552
ntst_4 = -0.825976659929478
aim_0 = -0.11184390791160212
aim_1 = -0.4835290026228878
aim_2 = -0.660293819269915
aim_3 = -0.6802122505085539
aim_4 = -0.6795361713759777
aim_5 = -0.6775418850386377
aim_6 = -0.677470888277183
aim_7 = -0.6778948041371745
aim_8 = -0.6780736948624351
aim_9 = -0.678714953678024
aim_10 = -0.6774901454164602
aim_11 = -0.6787294033681176
aim_12 = -0.677832556553672
aim_13 = -0.6784456573871924
aim_14 = -0.678328657943971
aim_15 = -0.6758117181437623
aim_16 = -0.6771626948243703
aim_17 = -0.6778713881216076
aim_18 = -0.6778755268404361
aim_19 = -0.677815312596027
aim_20 = -0.6777292425515349
