seed = 1
n_neurons = 2000

gtr_0 = -0.14054455250054415
gtr_1 = -0.3143570350979862
gtr_2 = -0.7036492434373322
gtr_3 = -0.7457066588594642
gtr_4 = -0.743905192229139
gtr_5 = -0.7470857266496814
gtr_6 = -0.7468186498277659
gtr_7 = -0.7440417013376758
gtr_8 = -0.7463270343654372
gtr_9 = -0.7451768301161379
ntr_0 = nan
ntr_1 = nan
ntr_2 = nan
ntr_3 = -0.14054455250054415
ntr_4 = -0.5239573588778436
ntr_5 = nan
ntr_6 = nan
ntr_7 = nan
ntr_8 = nan
ntr_9 = nan
ntr_10 = nan
ntr_11 = nan
ntr_12 = nan
ntr_13 = nan
ntr_14 = -0.7209050686732816
ntr_15 = -0.7431171319902717
ntr_16 = nan
ntr_17 = -0.7521953419924663
ntr_18 = nan
ntr_19 = nan
gtst_0 = -0.7700673828036281
gtst_1 = -0.8306053276470524
gtst_2 = -0.8259659943727898
ntst_0 = -0.8264054511057723
ntst_1 = -0.8270035509694391
ntst_2 = -0.8241591054521465
ntst_3 = -0.8264377453333598
ntst_4 = -0.8262089650621366
aim_0 = -0.12466749566659614
aim_1 = -0.42625823168569477
aim_2 = -0.6321925451758931
aim_3 = -0.6787294268869217
aim_4 = nan
aim_5 = -0.6806008307558722
aim_6 = nan
aim_7 = nan
aim_8 = -0.6773845603030835
aim_9 = -0.6765635972729953
aim_10 = -0.6792243897685736
aim_11 = -0.6768911218152811
aim_12 = -0.6793563084577342
aim_13 = -0.6798441730225266
aim_14 = -0.6779365358299141
aim_15 = nan
aim_16 = -0.6785260972276641
aim_17 = -0.6788795678343238
aim_18 = -0.6784244046982659
aim_19 = -0.6786905278371053
aim_20 = -0.6787807002264297
