seed = 1
n_neurons = 2000

gtr_0 = -0.10782057974774395
gtr_1 = -0.3460883377251385
gtr_2 = -0.721437588808224
gtr_3 = -0.7454920262931837
gtr_4 = -0.7495525116171681
gtr_5 = -0.7448360898052125
gtr_6 = -0.747999248647466
gtr_7 = -0.7450415699782919
gtr_8 = -0.745510614961302
gtr_9 = -0.7466446856943534
ntr_0 = -0.7462863749894033
ntr_1 = nan
ntr_2 = -0.1144485353328653
ntr_3 = -0.17255955541716775
ntr_4 = -0.6147769516794128
ntr_5 = -0.7370485076490165
ntr_6 = -0.7451857576903245
ntr_7 = -0.7445707050924516
ntr_8 = -0.7457235249378789
ntr_9 = -0.7481628764324287
ntr_10 = -0.7406569720603283
ntr_11 = -0.7489069270937979
ntr_12 = -0.7485829081292579
ntr_13 = -0.7458274069176376
ntr_14 = -0.7505100165103217
ntr_15 = -0.7476996627803325
ntr_16 = -0.7438220223847007
ntr_17 = -0.7464030022495435
ntr_18 = -0.7384895204232228
ntr_19 = -0.743856168287274
gtst_0 = -0.7594827964303215
gtst_1 = -0.8281694305216712
gtst_2 = -0.8260252437527403
ntst_0 = -0.8260496381217481
ntst_1 = -0.8267329748983673
ntst_2 = -0.8270753714033076
ntst_3 = -0.8259985811267606
ntst_4 = -0.8260367894775883
aim_0 = -0.11568335110426146
aim_1 = -0.4691154519668949
aim_2 = -0.6500852805069602
aim_3 = -0.6800545959944545
aim_4 = -0.6797869158029877
aim_5 = -0.6779307193700186
aim_6 = -0.6752485703087128
aim_7 = -0.6775171728687719
aim_8 = -0.677922836660086
aim_9 = -0.6788553026751634
aim_10 = -0.6773957562446911
aim_11 = -0.6792739715821366
aim_12 = -0.6775983298531965
aim_13 = -0.6778895091183473
aim_14 = -0.6790687208720424
aim_15 = -0.6766916910436734
aim_16 = -0.6780896753510071
aim_17 = -0.6778371559240618
aim_18 = -0.6778980063632444
aim_19 = -0.6778741792051212
aim_20 = -0.6775150799237332
