seed = 1
n_neurons = 2000

gtr_0 = -0.11332551652630612
gtr_1 = -0.31178820910358734
gtr_2 = -0.7161278579290236
gtr_3 = -0.7456994949807747
gtr_4 = -0.7478996637564204
gtr_5 = -0.7453375298066666
gtr_6 = -0.7479361986778376
gtr_7 = -0.7444284855592148
gtr_8 = -0.7457387693614977
gtr_9 = -0.7463279348379619
ntr_0 = -0.7500993916427349
ntr_1 = nan
ntr_2 = nan
ntr_3 = -0.15348285643007364
ntr_4 = -0.5901433880512883
ntr_5 = -0.73237025189901
ntr_6 = nan
ntr_7 = -0.7431171319902717
ntr_8 = -0.7379236959918662
ntr_9 = nan
ntr_10 = nan
ntr_11 = nan
ntr_12 = -0.7521953419924663
ntr_13 = nan
ntr_14 = -0.7447742116667724
ntr_15 = -0.7462235292311445
ntr_16 = nan
ntr_17 = -0.7501167913118647
ntr_18 = nan
ntr_19 = -0.7467090778191786
gtst_0 = -0.7632372187823331
gtst_1 = -0.8291714094571706
gtst_2 = -0.8260049978265217
ntst_0 = -0.8261116578204147
ntst_1 = -0.8268755042538745
ntst_2 = -0.8269323801220821
ntst_3 = -0.8264287887041698
ntst_4 = -0.8259423472613056
aim_0 = -0.13020325289522738
aim_1 = -0.4761223987010517
aim_2 = -0.6439982954971168
aim_3 = -0.6794039615714167
aim_4 = -0.6787719685335464
aim_5 = -0.6786403121945399
aim_6 = -0.6767878509890226
aim_7 = -0.6763187200048421
aim_8 = -0.6770827588393588
aim_9 = -0.6778808519202013
aim_10 = -0.6778048582908276
aim_11 = -0.6778659939017684
aim_12 = -0.6779732733581809
aim_13 = -0.6779740478776979
aim_14 = -0.6787216702787965
aim_15 = nan
aim_16 = -0.6791460925376592
aim_17 = -0.6777393458554102
aim_18 = -0.6778221307377054
aim_19 = -0.6782927828389653
aim_20 = -0.6774839291268429
