seed = 1
n_neurons = 2000

gtr_0 = -0.10074717887133397
gtr_1 = -0.3851701282402489
gtr_2 = -0.7288618094111201
gtr_3 = -0.745590732073125
gtr_4 = -0.748106125419617
gtr_5 = -0.7453836561015679
gtr_6 = -0.7473972476170998
gtr_7 = -0.7454760340088947
gtr_8 = -0.7453120602247307
gtr_9 = -0.7465924989966659
ntr_0 = nan
ntr_1 = -0.10910296908192621
ntr_2 = -0.13727638914165802
ntr_3 = -0.25822490314179775
ntr_4 = -0.666601491770479
ntr_5 = -0.7421240469410417
ntr_6 = -0.7513938099478062
ntr_7 = -0.7455233272005779
ntr_8 = -0.747897780519755
ntr_9 = -0.7457163746007708
ntr_10 = -0.7460854334731052
ntr_11 = -0.7539160131039228
ntr_12 = -0.7463840710448529
ntr_13 = -0.7498100129151385
ntr_14 = -0.7460181503915947
ntr_15 = -0.7465833171832108
ntr_16 = -0.7454526909978672
ntr_17 = -0.7430068827413921
ntr_18 = -0.7391332149560592
ntr_19 = -0.7428996560645376
gtst_0 = -0.7560731752062575
gtst_1 = -0.8278427341574293
gtst_2 = -0.8260151161077587
ntst_0 = nan
ntst_1 = -0.826598649629391
ntst_2 = -0.8281419451929237
ntst_3 = -0.8260561106362221
ntst_4 = -0.826013591072972
aim_0 = -0.11108809637714517
aim_1 = -0.4951649193314771
aim_2 = -0.6649071637363642
aim_3 = -0.6802126985355411
aim_4 = -0.6791322221232691
aim_5 = -0.6773754964194186
aim_6 = -0.6780120859578861
aim_7 = -0.6793052659306108
aim_8 = -0.6781839147739476
aim_9 = -0.67731035614936
aim_10 = -0.6776797591860781
aim_11 = -0.6782498455197052
aim_12 = -0.67786412817632
aim_13 = -0.6787881333083368
aim_14 = -0.6780235340935586
aim_15 = -0.6768736015488002
aim_16 = -0.6767906429528088
aim_17 = -0.6778784529631935
aim_18 = -0.6778798077879914
aim_19 = -0.6779376062878197
aim_20 = -0.6777339113540353
