seed = 1
n_neurons = 2000
n_train_pattern = 4

mean_goal = 0.30019491490977407
std_goal = 0.4590177745393514
median_goal = 0.33134492778131974
mean_aimless = 0.3810617830909605
std_aimless = 0.5437714778011501
median_aimless = 0.2108907063908838
mean_noplay = 0.1355497228969848
std_noplay = 0.24758882305039404
median_noplay = 0.06511092079253122
