seed = 3
n_neurons = 2000
n_train_pattern = 1

mean_goal = 0.06739707473470276
std_goal = 0.8837072409850226
median_goal = 0.29635496976416886
mean_aimless = 0.30627039281667856
std_aimless = 0.6765698021349311
median_aimless = 0.4680983758555268
mean_noplay = 0.10021997895464393
std_noplay = 0.5425368403963758
median_noplay = 0.2071596667762362
