seed = 0
n_neurons = 2000
n_train_pattern = 1

mean_goal = 0.5654098830463692
std_goal = 0.8670384923490705
median_goal = 0.8644415631310891
mean_aimless = -0.28784655345058363
std_aimless = 0.7911714531330479
median_aimless = -0.46897513140118463
mean_noplay = -0.8230774401586995
std_noplay = 0.3151384576751817
median_noplay = -0.8391171271233933
