seed = 3
n_neurons = 2000
n_train_pattern = 3

mean_goal = 0.29557878484320277
std_goal = 0.5489910665561071
median_goal = 0.2613162777774558
mean_aimless = 0.20924909671609457
std_aimless = 0.9100027378368221
median_aimless = 0.4870329233310187
mean_noplay = 0.40394941622670305
std_noplay = 0.43722859230644884
median_noplay = 0.3659697789276542
