seed = 0
n_neurons = 2000
n_train_pattern = 5

mean_goal = 0.9412755463538744
std_goal = 0.4415915180170314
median_goal = 0.9413448292074882
mean_aimless = 0.3809728913913101
std_aimless = 0.6263793659150535
median_aimless = 0.5361822647882638
mean_noplay = 0.30181454807076685
std_noplay = 0.4990128460766584
median_noplay = 0.3184654099347325
