seed = 0
n_neurons = 2000
n_train_pattern = 4

mean_goal = 0.03218575656375758
std_goal = 0.26814262398178457
median_goal = 0.01387238030882695
mean_aimless = 0.31414437421212876
std_aimless = 0.44117274334112455
median_aimless = 0.21261963960036803
mean_noplay = 0.06568636875692653
std_noplay = 0.2882511233765061
median_noplay = 0.010454237072743124
