seed = 3
n_neurons = 2000
n_train_pattern = 2

mean_goal = 0.8065761182576797
std_goal = 0.38574012728964513
median_goal = 0.9507825003434086
mean_aimless = 0.37513908791726247
std_aimless = 0.9563464289748018
median_aimless = 0.9288150605048193
mean_noplay = -0.9977144029050233
std_noplay = 0.05733146446761076
median_noplay = -0.990337969771
