seed = 1
n_neurons = 2000
n_train_pattern = 5

mean_goal = -0.31309186342900297
std_goal = 0.5141248782298828
median_goal = -0.36146741982321634
mean_aimless = 0.3367826495227604
std_aimless = 0.6309453208814457
median_aimless = 0.37255245962386674
mean_noplay = 0.23149565304188094
std_noplay = 0.47756243200968024
median_noplay = 0.19083659255294325
