seed = 0
n_neurons = 2000
n_train_pattern = 2

mean_goal = 1.1107168254585664
std_goal = 0.6310582351175555
median_goal = 1.013231657939236
mean_aimless = 0.6456866801009986
std_aimless = 0.4730753000403842
median_aimless = 0.8934071675219506
mean_noplay = -0.23998790563715672
std_noplay = 0.5991770899201675
median_noplay = -0.49689596649000056
