seed = 3
n_neurons = 2000
n_train_pattern = 5

mean_goal = -0.2675490598230829
std_goal = 0.5433645936020456
median_goal = -0.3394972614063405
mean_aimless = 0.3645987803033571
std_aimless = 0.6446380193838961
median_aimless = 0.6090825673241157
mean_noplay = 0.1455986374743404
std_noplay = 0.4634076417034103
median_noplay = 0.1350551876709432
