seed = 4
n_neurons = 2000
n_train_pattern = 1

mean_goal = 0.9088282873935584
std_goal = 0.28728186525045873
median_goal = 0.9453554245369489
mean_aimless = 0.6367374849354289
std_aimless = 0.6958110181812682
median_aimless = 0.7527059164449057
mean_noplay = -0.8717095526891109
std_noplay = 0.28616959135419595
median_noplay = -1.0226605870871102
