seed = 4
n_neurons = 2000
n_train_pattern = 5

mean_goal = -0.3235858808470053
std_goal = 0.5553464672495961
median_goal = -0.46467997013067824
mean_aimless = 0.36139742312445594
std_aimless = 0.6121106941460003
median_aimless = 0.46401725701798
mean_noplay = -0.8190026495743346
std_noplay = 0.35408778198195145
median_noplay = -0.9230032941020239
