seed = 1
n_neurons = 1000

mean_goal1 = -0.3538460737747844
mean_goal2 = 0.17767348671401198
mean_goal3 = 0.5149877251007529
mean_goal4 = -0.2889777196429862
mean_goal5 = -0.3762033039339961
mean_goal6 = -0.2989875489889153
mean_noplay1 = -0.384674813691073
mean_noplay2 = -0.03322946025251642
mean_noplay3 = -0.40033372162984443
mean_noplay4 = -0.31783141776467616
mean_noplay5 = -0.2699279922553877
mean_noplay6 = -0.0028479543428992235
mean_noplay7 = -0.04193102273205263
mean_noplay8 = -0.5737851317099883
mean_aim1 = -0.46197260204245927
mean_aim2 = -0.409226451726673
mean_aim3 = -0.3444550300240627
mean_aim4 = -0.45571094664704587
mean_aim5 = -0.5321974430712298
mean_aim6 = -0.17155425810955438
mean_aim7 = -0.49518421687142633
mean_aim8 = -0.26582039408384905
mean_aim9 = -0.3158606094018318
mean_aim10 = -0.6275404495538278
mean_aim11 = -0.40043170555847346
mean_aim12 = -0.5066571403450264
mean_aim13 = -0.34815831337185993
mean_aim14 = -0.17757617157976058
