seed = 8
n_neurons = 5000

mean_goal1 = -0.17834806892605026
mean_goal2 = -0.09033624944792919
mean_goal3 = -0.5964159271722582
mean_goal4 = -0.48045468591050283
mean_goal5 = -0.3856433128461772
mean_goal6 = -0.1423840701079544
mean_noplay1 = -0.09942454068765647
mean_noplay2 = -0.4394487636074752
mean_noplay3 = -0.6363124079614676
mean_noplay4 = 0.2744802066398449
mean_noplay5 = -0.5145805349196191
mean_noplay6 = -0.35353968701774957
mean_noplay7 = 0.20753433915300382
mean_noplay8 = -0.49635640137489023
mean_aim1 = -0.55027258288293
mean_aim2 = -0.3594876191026471
mean_aim3 = -0.30346435474875233
mean_aim4 = -0.3561448409277594
mean_aim5 = -0.23018412080642445
mean_aim6 = -0.18816369939734173
mean_aim7 = -0.48380215928400055
mean_aim8 = -0.4062221923509193
mean_aim9 = -0.16976966368376042
mean_aim10 = -0.6798638857952866
mean_aim11 = -0.40952918058707743
mean_aim12 = -0.45257133585111997
mean_aim13 = -0.44655033570629094
mean_aim14 = -0.16707166247781852
