seed = 18
n_neurons = 200

mean_goal1 = -0.34750739465048086
mean_goal2 = -0.0642659179885973
mean_goal3 = 0.15770780127559572
mean_goal4 = -0.531742518121569
mean_goal5 = -0.1387776828932065
mean_goal6 = 0.1691433289042193
mean_noplay1 = 0.06413524168145711
mean_noplay2 = -0.3853810260584681
mean_noplay3 = -0.4989277083649574
mean_noplay4 = -0.5032229611478594
mean_noplay5 = -0.6030825108131774
mean_noplay6 = 0.02462551931017406
mean_noplay7 = -0.22484381340132317
mean_noplay8 = -0.4501728060348441
mean_aim1 = -0.4364064222521715
mean_aim2 = -0.2390087622649941
mean_aim3 = -0.3283175576557576
mean_aim4 = -0.4532806006593783
mean_aim5 = -0.39075579570553
mean_aim6 = -0.14512452931383765
mean_aim7 = -0.5388582991517359
mean_aim8 = -0.21551443108870943
mean_aim9 = -0.48566322536920375
mean_aim10 = -0.40486716863308075
mean_aim11 = -0.4727484119065117
mean_aim12 = -0.3867834784831812
mean_aim13 = -0.3674322031465168
mean_aim14 = -0.222327236911258
