seed = 10
n_neurons = 500

mean_goal1 = -0.49101361586753123
mean_goal2 = -0.8547063767895907
mean_goal3 = -1.050635370153645
mean_goal4 = -0.8897943570073612
mean_goal5 = -0.436956530724826
mean_goal6 = -0.3839952289874172
mean_noplay1 = -0.5609579109640123
mean_noplay2 = -0.6720030956298267
mean_noplay3 = -0.787652863481664
mean_noplay4 = -1.0118632491627695
mean_noplay5 = -0.903810895247362
mean_noplay6 = -0.3228237245190837
mean_noplay7 = -0.19217821484420478
mean_noplay8 = 0.038678312146834065
mean_aim1 = -0.703185390398718
mean_aim2 = -0.448077024697154
mean_aim3 = -0.4160691897568867
mean_aim4 = -0.6998180279069649
mean_aim5 = -0.6593185487065151
mean_aim6 = -0.1619989260603975
mean_aim7 = -0.7198573099397219
mean_aim8 = -0.4588368910582837
mean_aim9 = -0.49964355555098233
mean_aim10 = -0.7207299721196924
mean_aim11 = -0.5281174927452454
mean_aim12 = -0.5676585082073847
mean_aim13 = -0.5503765383983803
mean_aim14 = -0.27659260401059155
