seed = 4
n_neurons = 200

mean_goal1 = -0.39785731281080033
mean_goal2 = -0.14014398480652215
mean_goal3 = -0.5286725587151332
mean_goal4 = 0.023043426827675326
mean_goal5 = -0.5106842757696861
mean_goal6 = -0.034514064557377974
mean_noplay1 = -0.20129412890406295
mean_noplay2 = -0.03715444826093283
mean_noplay3 = -0.39585452637666746
mean_noplay4 = -0.48043722463769367
mean_noplay5 = -0.6425462873390734
mean_noplay6 = -0.5617419054477767
mean_noplay7 = -0.5835957776980245
mean_noplay8 = -0.34092991990054194
mean_aim1 = -0.6241226198000267
mean_aim2 = -0.40192672579313116
mean_aim3 = 0.027916479787803886
mean_aim4 = -0.6224468307395615
mean_aim5 = -0.6542281477927802
mean_aim6 = 0.035244315100381986
mean_aim7 = -0.5698719364821169
mean_aim8 = -0.20738548536893311
mean_aim9 = -0.24251280436722206
mean_aim10 = -0.5943825508041803
mean_aim11 = -0.2873521123739211
mean_aim12 = -0.5767342265544034
mean_aim13 = -0.25666128670323346
mean_aim14 = -0.014838379760174304
