seed = 17
n_neurons = 500

mean_goal1 = 0.19361333621002916
mean_goal2 = -0.20768252887104244
mean_goal3 = -0.7903644745024131
mean_goal4 = -0.9066980330514202
mean_goal5 = -0.8137838245209547
mean_goal6 = -1.163177340545986
mean_noplay1 = -1.2111050970434438
mean_noplay2 = -0.87039022375073
mean_noplay3 = -0.4518966261536735
mean_noplay4 = 0.09875982833781018
mean_noplay5 = -0.5942967011098996
mean_noplay6 = -0.9789805560306879
mean_noplay7 = -0.5383034474100095
mean_noplay8 = -0.6890142403026734
mean_aim1 = -0.7719421190631085
mean_aim2 = -0.5956653813669045
mean_aim3 = -0.028405583228486592
mean_aim4 = -0.8569720787302726
mean_aim5 = -0.9299474507997305
mean_aim6 = -0.008043123603602745
mean_aim7 = -0.7289300438242093
mean_aim8 = -0.45543236058936976
mean_aim9 = -0.3240890603157066
mean_aim10 = -0.7940935731300435
mean_aim11 = -0.19445446913362838
mean_aim12 = -0.7431856260507786
mean_aim13 = -0.3339416494922523
mean_aim14 = -0.0788325811354362
