seed = 4
n_neurons = 2000

mean_goal1 = -0.3840755745160432
mean_goal2 = -0.06198928261934222
mean_goal3 = -0.5268327899513854
mean_goal4 = 0.17404284165716977
mean_goal5 = -0.41022757277420685
mean_goal6 = 0.05407269743899512
mean_noplay1 = -0.13140775350070197
mean_noplay2 = 0.05684514090809732
mean_noplay3 = -0.3990357064457331
mean_noplay4 = -0.5542618054380042
mean_noplay5 = -0.6094627244859255
mean_noplay6 = -0.5953949116741835
mean_noplay7 = -0.7342385952700186
mean_noplay8 = -0.4637550636095445
mean_aim1 = -0.6416776147055935
mean_aim2 = -0.40658729579217084
mean_aim3 = -0.16497587535219926
mean_aim4 = -0.711647140880811
mean_aim5 = -0.7313428914502434
mean_aim6 = 0.021981394976708847
mean_aim7 = -0.6577611179435252
mean_aim8 = -0.2575526812226268
mean_aim9 = -0.4256637288237199
mean_aim10 = -0.6822995194437881
mean_aim11 = -0.3613359058876802
mean_aim12 = -0.6379859863739404
mean_aim13 = -0.3692839964714851
mean_aim14 = -0.013449181043033871
