seed = 14
n_neurons = 1000

mean_goal1 = -0.24951157551176897
mean_goal2 = -0.21627492347276117
mean_goal3 = -0.03569574550714513
mean_goal4 = -0.37183648041338174
mean_goal5 = -0.2626986752642766
mean_goal6 = 0.12085315850533798
mean_noplay1 = 0.03878313073221187
mean_noplay2 = -0.13699173065721473
mean_noplay3 = 0.02981888618982663
mean_noplay4 = -0.37610383538686265
mean_noplay5 = -0.34727695046115703
mean_noplay6 = -0.3508077970354695
mean_noplay7 = -0.19227296208078723
mean_noplay8 = -0.018590079265392197
mean_aim1 = -0.26324492556734425
mean_aim2 = -0.0738787657263581
mean_aim3 = -0.16464479012495603
mean_aim4 = -0.2736930638854262
mean_aim5 = -0.1924753279991331
mean_aim6 = -0.1337279954255567
mean_aim7 = -0.38643598234028564
mean_aim8 = -0.20412921570423803
mean_aim9 = -0.27943902141505833
mean_aim10 = -0.29214381405529316
mean_aim11 = -0.19995767878096465
mean_aim12 = -0.2261191484918106
mean_aim13 = -0.2608724832926939
mean_aim14 = -0.17489100063500795
