seed = 11
n_neurons = 5000

mean_goal1 = -0.034142993496025155
mean_goal2 = -0.3948145246015833
mean_goal3 = -0.37776197383591337
mean_goal4 = -0.555916195265739
mean_goal5 = 0.35897140394031535
mean_goal6 = -0.5005646002592073
mean_noplay1 = 0.15554369258995376
mean_noplay2 = -0.5491803099451378
mean_noplay3 = -0.500352941963901
mean_noplay4 = -0.6332357568643162
mean_noplay5 = -0.5833663174996433
mean_noplay6 = -0.39213192492239224
mean_noplay7 = 0.25241779011830484
mean_noplay8 = 0.4194152575620662
mean_aim1 = -0.28079762343736453
mean_aim2 = -0.20756503056142628
mean_aim3 = 0.09385180657833277
mean_aim4 = -0.349623737680051
mean_aim5 = -0.21459820941732274
mean_aim6 = 0.27022069286836947
mean_aim7 = -0.2173410308847611
mean_aim8 = -0.12473173076046734
mean_aim9 = 0.1230243802648784
mean_aim10 = -0.38238628779255746
mean_aim11 = -0.06619724365455835
mean_aim12 = -0.291276764695109
mean_aim13 = -0.04232234144689791
mean_aim14 = 0.27427181684464375
