seed = 0
n_neurons = 5000

mean_goal1 = -0.19755759802013542
mean_goal2 = -0.2676167139772789
mean_goal3 = -0.3649919489024566
mean_goal4 = 0.1071507243833469
mean_goal5 = -0.11817816270698812
mean_goal6 = -0.27338372195664823
mean_noplay1 = -0.26842498276136184
mean_noplay2 = -0.10596644883965894
mean_noplay3 = -0.3721391757687806
mean_noplay4 = -0.21023763419641542
mean_noplay5 = -0.2904614210162142
mean_noplay6 = -0.13189921570481536
mean_noplay7 = 0.07662137825628
mean_noplay8 = -0.05223236625798474
mean_aim1 = -0.2145559818370241
mean_aim2 = -0.27594606383127046
mean_aim3 = 0.0015799886098940255
mean_aim4 = -0.11166904202447861
mean_aim5 = 0.019930660102512595
mean_aim6 = 0.30339299152488
mean_aim7 = -0.14950338782517208
mean_aim8 = -0.017839742788492846
mean_aim9 = 0.0005173929946551276
mean_aim10 = -0.3162606998225158
mean_aim11 = -0.04496079681720497
mean_aim12 = -0.2311911052056719
mean_aim13 = -0.09863198629557833
mean_aim14 = 0.1989761704729501
