seed = 15
n_neurons = 5000

mean_goal1 = -0.12679474279082972
mean_goal2 = 0.3222524756060621
mean_goal3 = 0.09731604931160681
mean_goal4 = -0.4461214431869712
mean_goal5 = -0.6952059533686491
mean_goal6 = -0.6369141882943563
mean_noplay1 = -0.46341039959274133
mean_noplay2 = -0.7347127563055132
mean_noplay3 = -1.005401406883251
mean_noplay4 = -0.7685742168056813
mean_noplay5 = -0.5287629174172829
mean_noplay6 = 0.2823969630027366
mean_noplay7 = 0.13857886039475786
mean_noplay8 = 0.11916160560925028
mean_aim1 = -0.7704358496714588
mean_aim2 = -0.6095287267707423
mean_aim3 = -0.4118187485085441
mean_aim4 = -0.7889172657702962
mean_aim5 = -0.975940909341316
mean_aim6 = -0.24021780536772377
mean_aim7 = -0.6906507417495893
mean_aim8 = -0.580268620584054
mean_aim9 = -0.47561138207163606
mean_aim10 = -0.8928740115374012
mean_aim11 = -0.5531608197242667
mean_aim12 = -0.8356586494579599
mean_aim13 = -0.5740672180912608
mean_aim14 = -0.21112326683391597
