seed = 2
n_neurons = 200

mean_goal1 = -0.6838279216472282
mean_goal2 = -0.12002719972287819
mean_goal3 = -0.6050767473633395
mean_goal4 = -0.2657966797587337
mean_goal5 = -0.5101650588190824
mean_goal6 = -0.16500905428700752
mean_noplay1 = -0.19942965115488037
mean_noplay2 = -0.48414081302961987
mean_noplay3 = -0.23746824243120207
mean_noplay4 = 0.2364589944097533
mean_noplay5 = -0.40492422906564357
mean_noplay6 = -0.8036102186198001
mean_noplay7 = -0.791569491745798
mean_noplay8 = -0.44522573933724835
mean_aim1 = -0.639822602128495
mean_aim2 = -0.46162023199700974
mean_aim3 = -0.04655230699329855
mean_aim4 = -0.659005933822853
mean_aim5 = -0.6592389949641654
mean_aim6 = 0.01769773920781001
mean_aim7 = -0.6629707158844856
mean_aim8 = -0.25149496102747315
mean_aim9 = -0.3320296041458588
mean_aim10 = -0.7492271275397934
mean_aim11 = -0.2893290195033348
mean_aim12 = -0.6234161022320552
mean_aim13 = -0.3634533644116609
mean_aim14 = -0.08057626325416553
