seed = 9
n_neurons = 500

mean_goal1 = 0.11442195029496102
mean_goal2 = -0.4321530020523062
mean_goal3 = 0.29455116766873896
mean_goal4 = -0.627669388941021
mean_goal5 = -0.34235112031184983
mean_goal6 = -0.7469795288727556
mean_noplay1 = -0.5873637661824447
mean_noplay2 = 0.16815301846258335
mean_noplay3 = 0.07290303124435903
mean_noplay4 = 0.0791519369583552
mean_noplay5 = -0.7230281604135117
mean_noplay6 = -0.21375193446205384
mean_noplay7 = 0.2988026310253086
mean_noplay8 = -0.28346163647416606
mean_aim1 = -0.7037335361958287
mean_aim2 = -0.6366371165739028
mean_aim3 = -0.23127713955549384
mean_aim4 = -0.771777851377589
mean_aim5 = -0.8626831622415022
mean_aim6 = -0.07318727053736032
mean_aim7 = -0.7236115665261001
mean_aim8 = -0.48668134290842047
mean_aim9 = -0.3557821882023001
mean_aim10 = -0.8352773181984539
mean_aim11 = -0.378057152543668
mean_aim12 = -0.6872779685087044
mean_aim13 = -0.408128661323462
mean_aim14 = -0.10622012615405982
