seed = 4
n_neurons = 5000

mean_goal1 = -0.44776577507250653
mean_goal2 = -0.1837573746747743
mean_goal3 = -0.48843147089717565
mean_goal4 = 0.29730639174234585
mean_goal5 = -0.4028598218595454
mean_goal6 = -0.020140820689113388
mean_noplay1 = -0.3367363194311649
mean_noplay2 = 0.11459884479057267
mean_noplay3 = -0.3712441434224695
mean_noplay4 = -0.44754016019728643
mean_noplay5 = -0.5756244967701087
mean_noplay6 = -0.5124594537308046
mean_noplay7 = -0.34604410065717783
mean_noplay8 = -0.5116767273952751
mean_aim1 = -0.4274834090733287
mean_aim2 = -0.18666081337911
mean_aim3 = -0.16306829836793948
mean_aim4 = -0.4921063391373145
mean_aim5 = -0.3564173803212871
mean_aim6 = -0.08469834592643707
mean_aim7 = -0.534035101102616
mean_aim8 = -0.19743332844961384
mean_aim9 = -0.3809438943386825
mean_aim10 = -0.511186670704424
mean_aim11 = -0.36126163074829026
mean_aim12 = -0.42502168822707836
mean_aim13 = -0.2601684104630852
mean_aim14 = -0.13440146850510135
