seed = 18
n_neurons = 5000

mean_goal1 = -0.45189304239172484
mean_goal2 = -0.013886486859759947
mean_goal3 = 0.2891435612909136
mean_goal4 = -0.5529230215353113
mean_goal5 = -0.05606083769427728
mean_goal6 = 0.329697786868001
mean_noplay1 = 0.1372403673603544
mean_noplay2 = -0.23981530414287572
mean_noplay3 = -0.10578626036451082
mean_noplay4 = -0.2758710371012714
mean_noplay5 = -0.4409414865750363
mean_noplay6 = 0.15206446707031773
mean_noplay7 = -0.14557237160065636
mean_noplay8 = 0.06536130475264802
mean_aim1 = -0.5057026842497176
mean_aim2 = -0.11457015475630783
mean_aim3 = -0.42155703828224517
mean_aim4 = -0.3274611303073038
mean_aim5 = 0.055204927755137786
mean_aim6 = -0.12007949864503864
mean_aim7 = -0.6019573792981254
mean_aim8 = -0.22584922082840733
mean_aim9 = -0.43776040854424825
mean_aim10 = -0.5842796429260185
mean_aim11 = -0.5141878805396088
mean_aim12 = -0.3352622236388788
mean_aim13 = -0.339940393818881
mean_aim14 = -0.15214944099386737
