seed = 11
n_neurons = 200

mean_goal1 = -0.2456364367725149
mean_goal2 = -0.7879304905934982
mean_goal3 = -0.5864305922095431
mean_goal4 = -0.8053061660333114
mean_goal5 = 0.09373387208199688
mean_goal6 = -0.8994254339791454
mean_noplay1 = -0.3082164871553694
mean_noplay2 = -0.8020413540994664
mean_noplay3 = -0.7771066550772244
mean_noplay4 = -1.0909411173540893
mean_noplay5 = -0.9656759407907406
mean_noplay6 = -0.7716704706387177
mean_noplay7 = -0.029241615901960647
mean_noplay8 = 0.11334543807253411
mean_aim1 = -0.7045106849151017
mean_aim2 = -0.5361616715213681
mean_aim3 = -0.1460282810516281
mean_aim4 = -0.7706222112436585
mean_aim5 = -0.810533147037965
mean_aim6 = -0.060444021570935945
mean_aim7 = -0.6984233923585306
mean_aim8 = -0.3398400017786618
mean_aim9 = -0.39928503783890085
mean_aim10 = -0.7137977512422394
mean_aim11 = -0.33947368575711173
mean_aim12 = -0.7113352349976723
mean_aim13 = -0.392120103618713
mean_aim14 = -0.14615815683398467
