seed = 18
n_neurons = 500

mean_goal1 = -0.38870346971150244
mean_goal2 = -0.020439208736917684
mean_goal3 = 0.23305962503722363
mean_goal4 = -0.5490956424374542
mean_goal5 = -0.0692650466187366
mean_goal6 = 0.231191881243897
mean_noplay1 = 0.119881595164925
mean_noplay2 = -0.35344053225897176
mean_noplay3 = -0.3286913229060315
mean_noplay4 = -0.47611164868856776
mean_noplay5 = -0.2682939357581199
mean_noplay6 = 0.11000493247200105
mean_noplay7 = -0.15038660084853026
mean_noplay8 = -0.44011774496558675
mean_aim1 = -0.5088573802849946
mean_aim2 = -0.29237048792273146
mean_aim3 = -0.43501678004356864
mean_aim4 = -0.5850581325210694
mean_aim5 = -0.5121107977748766
mean_aim6 = -0.21659299728808146
mean_aim7 = -0.6846951550552299
mean_aim8 = -0.3060400277751955
mean_aim9 = -0.5744857748923973
mean_aim10 = -0.5291909186012564
mean_aim11 = -0.5592052986718773
mean_aim12 = -0.5506283854486832
mean_aim13 = -0.45271099213483496
mean_aim14 = -0.276394732566899
