seed = 6
n_neurons = 2000

mean_goal1 = -0.4522289508053957
mean_goal2 = -0.13948205919201445
mean_goal3 = 0.19161721126449954
mean_goal4 = -0.06737936980174411
mean_goal5 = -0.4809744359531659
mean_goal6 = -0.33722049429781853
mean_noplay1 = -0.3666067275188496
mean_noplay2 = -0.2961228423818922
mean_noplay3 = -0.39674210852839964
mean_noplay4 = -0.35399814864028584
mean_noplay5 = -0.28590220858392473
mean_noplay6 = -0.4155445044062622
mean_noplay7 = -0.2322775894113263
mean_noplay8 = -0.37936446857641026
mean_aim1 = -0.4294252813123797
mean_aim2 = -0.330833552615472
mean_aim3 = -0.3060317467175122
mean_aim4 = -0.3854399047869064
mean_aim5 = -0.4409735023763627
mean_aim6 = -0.208586213232457
mean_aim7 = -0.363400496546354
mean_aim8 = -0.2892690667766681
mean_aim9 = -0.24332553847211738
mean_aim10 = -0.4593061376589863
mean_aim11 = -0.3736469986682534
mean_aim12 = -0.4912797993867291
mean_aim13 = -0.34793462117695134
mean_aim14 = -0.181631862001606
