seed = 2
n_neurons = 2000

mean_goal1 = -0.8014260463362617
mean_goal2 = 0.0053004123773268364
mean_goal3 = -0.664265680724886
mean_goal4 = -0.31021011316577213
mean_goal5 = -0.6515540534277564
mean_goal6 = -0.00706284190488679
mean_noplay1 = -0.0924348509064951
mean_noplay2 = -0.4527266887627291
mean_noplay3 = -0.2651064324520944
mean_noplay4 = 0.4585392561621882
mean_noplay5 = -0.4714925257781281
mean_noplay6 = -1.0521825056031298
mean_noplay7 = -0.9907446948965576
mean_noplay8 = -0.5458712083947447
mean_aim1 = -0.8120025869793965
mean_aim2 = -0.5899639087674167
mean_aim3 = -0.3405593754497563
mean_aim4 = -1.020342693265257
mean_aim5 = -1.0261062043342835
mean_aim6 = -0.1368080920063984
mean_aim7 = -0.8545273802639116
mean_aim8 = -0.518921914511242
mean_aim9 = -0.5503304062407189
mean_aim10 = -0.8524412146935982
mean_aim11 = -0.4113810061651565
mean_aim12 = -0.9933913414703346
mean_aim13 = -0.5225956817592555
mean_aim14 = -0.21072788893477526
