seed = 13
n_neurons = 500

mean_goal1 = 0.05560739209722768
mean_goal2 = -0.24514607244817285
mean_goal3 = 0.01093262258910597
mean_goal4 = 0.1365902704493275
mean_goal5 = -0.29155096376777767
mean_goal6 = -0.05785836271846031
mean_noplay1 = -0.3055044493369056
mean_noplay2 = -0.07646041438399047
mean_noplay3 = -0.06368127300639148
mean_noplay4 = -0.12214818854764947
mean_noplay5 = -0.3913399291194165
mean_noplay6 = -0.17496206193168923
mean_noplay7 = -0.18509159275819984
mean_noplay8 = -0.057464475068057595
mean_aim1 = -0.35127377996587844
mean_aim2 = -0.09100832162146487
mean_aim3 = -0.12154976394914026
mean_aim4 = -0.2850134530612953
mean_aim5 = -0.2775294509936487
mean_aim6 = -0.021021026436575753
mean_aim7 = -0.35895198669195394
mean_aim8 = -0.08786074266608754
mean_aim9 = -0.20850786832551824
mean_aim10 = -0.37317352322325925
mean_aim11 = -0.1922047392201407
mean_aim12 = -0.3323433746400978
mean_aim13 = -0.25429632550834974
mean_aim14 = -0.04720557732946695
