seed = 9
n_neurons = 200

mean_goal1 = 0.07184059944682832
mean_goal2 = -0.4201209230472519
mean_goal3 = 0.24235479083699732
mean_goal4 = -0.6500359608235198
mean_goal5 = -0.28843280876415633
mean_goal6 = -0.7592242151489357
mean_noplay1 = -0.6045117612620415
mean_noplay2 = 0.13042283979151054
mean_noplay3 = 0.05822243844812485
mean_noplay4 = 0.041457982859478514
mean_noplay5 = -0.7133786225694089
mean_noplay6 = -0.20670527842730016
mean_noplay7 = 0.24233616297352417
mean_noplay8 = -0.306030371672952
mean_aim1 = -0.56906976043641
mean_aim2 = -0.3500170375630868
mean_aim3 = -0.2493891045870442
mean_aim4 = -0.5837837483551372
mean_aim5 = -0.6316947537356655
mean_aim6 = -0.12064167893803636
mean_aim7 = -0.6241514835759215
mean_aim8 = -0.25936522079949786
mean_aim9 = -0.41135551779467017
mean_aim10 = -0.6272649827986906
mean_aim11 = -0.40205117392832485
mean_aim12 = -0.49717614598405224
mean_aim13 = -0.41277562051035643
mean_aim14 = -0.16695898351297306
