seed = 11
n_neurons = 2000

mean_goal1 = -0.10682353591116944
mean_goal2 = -0.5878168484404008
mean_goal3 = -0.49945555687221743
mean_goal4 = -0.6960990474564076
mean_goal5 = 0.44169551744177793
mean_goal6 = -0.7386214463918576
mean_noplay1 = -0.08938460895526831
mean_noplay2 = -0.7867879994681867
mean_noplay3 = -0.6722088637139806
mean_noplay4 = -0.7704216232904479
mean_noplay5 = -0.7418017130877977
mean_noplay6 = -0.5313038182548693
mean_noplay7 = 0.17354952532015516
mean_noplay8 = 0.4587193720177961
mean_aim1 = -0.4427448363143429
mean_aim2 = -0.32842025426002674
mean_aim3 = -0.08256753590145431
mean_aim4 = -0.5048080861326244
mean_aim5 = -0.46278538542466846
mean_aim6 = 0.08683448996964885
mean_aim7 = -0.44663973521054423
mean_aim8 = -0.2884605348811881
mean_aim9 = -0.1549783077652285
mean_aim10 = -0.5907731946678325
mean_aim11 = -0.305046357428748
mean_aim12 = -0.5358401269860069
mean_aim13 = -0.289804605974316
mean_aim14 = 0.05018029091930895
