seed = 15
n_neurons = 200

mean_goal1 = -0.026667648480299563
mean_goal2 = 0.24565865553958405
mean_goal3 = 0.06118321949537962
mean_goal4 = -0.5358611314548126
mean_goal5 = -0.624747217330268
mean_goal6 = -0.5043197904362475
mean_noplay1 = -0.40277466350781505
mean_noplay2 = -0.6542430959717352
mean_noplay3 = -0.6587053230847572
mean_noplay4 = -0.6331515843591321
mean_noplay5 = -0.366417285420172
mean_noplay6 = 0.24019909886267232
mean_noplay7 = 0.13775814269077155
mean_noplay8 = 0.09142706930519576
mean_aim1 = -0.597978825291185
mean_aim2 = -0.3526470361441366
mean_aim3 = -0.3547276019818079
mean_aim4 = -0.5708749393910793
mean_aim5 = -0.4657983825757015
mean_aim6 = -0.15250725417858643
mean_aim7 = -0.640637167351393
mean_aim8 = -0.3414635919940238
mean_aim9 = -0.3649223542870902
mean_aim10 = -0.6977469521300619
mean_aim11 = -0.47364180479396295
mean_aim12 = -0.6091262829512895
mean_aim13 = -0.5160450522991198
mean_aim14 = -0.1591598509158213
