seed = 8
n_neurons = 200

mean_goal1 = -0.2077106355404442
mean_goal2 = -0.2325008479920186
mean_goal3 = -0.5338227986426072
mean_goal4 = -0.5539561259647339
mean_goal5 = -0.6111245089653342
mean_goal6 = -0.23222477810399295
mean_noplay1 = -0.2091594348502566
mean_noplay2 = -0.3684925404921854
mean_noplay3 = -0.5020038838744935
mean_noplay4 = -0.036979910864150964
mean_noplay5 = -0.6360779785185818
mean_noplay6 = -0.3295789932806315
mean_noplay7 = -0.051613930520041436
mean_noplay8 = -0.5730893053179106
mean_aim1 = -0.5359568943852321
mean_aim2 = -0.33290832531294146
mean_aim3 = -0.6117889070283143
mean_aim4 = -0.39060913069554815
mean_aim5 = -0.21265973231157775
mean_aim6 = -0.3489255811111119
mean_aim7 = -0.6345119561423851
mean_aim8 = -0.33744652803397857
mean_aim9 = -0.48657980538903667
mean_aim10 = -0.5904569367323258
mean_aim11 = -0.6171821508077204
mean_aim12 = -0.3576858125654097
mean_aim13 = -0.5069811908700714
mean_aim14 = -0.35977607644454507
