seed = 0
n_neurons = 200

mean_goal1 = -0.48687353979868236
mean_goal2 = -0.6437948697764214
mean_goal3 = -0.40476372461003085
mean_goal4 = 0.03413039982077492
mean_goal5 = -0.45657328607498543
mean_goal6 = -0.4906917120852811
mean_noplay1 = -0.47620193065963623
mean_noplay2 = -0.4930537418882802
mean_noplay3 = -0.6209086510665927
mean_noplay4 = -0.6637247055987938
mean_noplay5 = -0.4635789787396684
mean_noplay6 = -0.3304538649138148
mean_noplay7 = -0.44500785452032987
mean_noplay8 = -0.38688959209883134
mean_aim1 = -0.5296498194087578
mean_aim2 = -0.3513059340693387
mean_aim3 = -0.13524314863297213
mean_aim4 = -0.5602932475080992
mean_aim5 = -0.5138137692830996
mean_aim6 = 0.01439816445842343
mean_aim7 = -0.5256067382418269
mean_aim8 = -0.2513782956728464
mean_aim9 = -0.3083814468279261
mean_aim10 = -0.5718770257768233
mean_aim11 = -0.24188765303195356
mean_aim12 = -0.5529565622898854
mean_aim13 = -0.305343967166521
mean_aim14 = -0.025636762072085744
