seed = 19
n_neurons = 5000

mean_goal1 = -0.2980918298892461
mean_goal2 = -0.4528909358970044
mean_goal3 = -0.29846988545830727
mean_goal4 = 0.41309951903938497
mean_goal5 = -0.2579686022539446
mean_goal6 = -0.005087325395206588
mean_noplay1 = 0.21068972953494047
mean_noplay2 = 0.12149465515201623
mean_noplay3 = -0.30002520960279033
mean_noplay4 = 0.3768178151082415
mean_noplay5 = -0.2628298784097204
mean_noplay6 = 0.12556290704740697
mean_noplay7 = -0.18153422004382855
mean_noplay8 = -0.26637579595388844
mean_aim1 = -0.14192409206620027
mean_aim2 = 0.08428391902393248
mean_aim3 = -0.39690988757118983
mean_aim4 = -0.24252078447164524
mean_aim5 = -0.021491973757668575
mean_aim6 = -0.11793780914969139
mean_aim7 = -0.3308364042372547
mean_aim8 = -0.16220205741769977
mean_aim9 = -0.4682766033639129
mean_aim10 = -0.41440561122171377
mean_aim11 = -0.49089590773734565
mean_aim12 = -0.1742975671351105
mean_aim13 = -0.3717089174840828
mean_aim14 = -0.08905353071742243
