seed = 4
n_neurons = 500

mean_goal1 = -0.3966284855645808
mean_goal2 = -0.06728740462364163
mean_goal3 = -0.5407317893168241
mean_goal4 = 0.11588963409435034
mean_goal5 = -0.5519970206789458
mean_goal6 = 0.017174765353493573
mean_noplay1 = -0.2055524104026596
mean_noplay2 = 0.04949004894811733
mean_noplay3 = -0.40975835839078256
mean_noplay4 = -0.4950581026087737
mean_noplay5 = -0.8100194776873031
mean_noplay6 = -0.6179864559076611
mean_noplay7 = -0.6308412683718936
mean_noplay8 = -0.30673347342284346
mean_aim1 = -0.6225644360967111
mean_aim2 = -0.38153640320971555
mean_aim3 = -0.007629464946321277
mean_aim4 = -0.6165753393748328
mean_aim5 = -0.6455241421839525
mean_aim6 = 0.07787775317863735
mean_aim7 = -0.6384032260862511
mean_aim8 = -0.18725603342920855
mean_aim9 = -0.26289650824492905
mean_aim10 = -0.5871008055439825
mean_aim11 = -0.2169415178106526
mean_aim12 = -0.616095275741001
mean_aim13 = -0.3420604679698915
mean_aim14 = 0.03434108555693987
