seed = 11
n_neurons = 1000

mean_goal1 = -0.19049222609779604
mean_goal2 = -0.6476550570578714
mean_goal3 = -0.6275726131877349
mean_goal4 = -0.7211349774215015
mean_goal5 = 0.15583987751329886
mean_goal6 = -0.8098743759632879
mean_noplay1 = -0.22734578406952666
mean_noplay2 = -0.607385639259887
mean_noplay3 = -0.7023129242985404
mean_noplay4 = -0.8942731157899877
mean_noplay5 = -0.8679259212881597
mean_noplay6 = -0.6414239952745644
mean_noplay7 = -0.042729466265373904
mean_noplay8 = 0.21207039506435418
mean_aim1 = -0.5619732869951483
mean_aim2 = -0.42161500188592643
mean_aim3 = -0.17626472630337217
mean_aim4 = -0.7439645118104476
mean_aim5 = -0.6395193595014658
mean_aim6 = -0.027166636351729886
mean_aim7 = -0.6242907277016576
mean_aim8 = -0.3577476389255156
mean_aim9 = -0.27487101388019836
mean_aim10 = -0.7066470247803182
mean_aim11 = -0.37533903086203946
mean_aim12 = -0.6406975365861282
mean_aim13 = -0.34396406723930095
mean_aim14 = -0.06813427472196362
