seed = 5
n_neurons = 500

mean_goal1 = -0.8568567721970634
mean_goal2 = -0.825139076309351
mean_goal3 = -0.9206082032360687
mean_goal4 = -0.9490613728422763
mean_goal5 = -0.10816622007674125
mean_goal6 = -0.22991901229679396
mean_noplay1 = 0.07623436543003856
mean_noplay2 = 0.3094569641579842
mean_noplay3 = -0.2769653074892477
mean_noplay4 = -0.3010386419079935
mean_noplay5 = -0.19875739537872783
mean_noplay6 = -0.9109618954433288
mean_noplay7 = -0.20389601083321873
mean_noplay8 = -0.9504610903229225
mean_aim1 = -0.7594021727575534
mean_aim2 = -0.5758548068031358
mean_aim3 = -0.35775811502435934
mean_aim4 = -0.8615586412425197
mean_aim5 = -0.8641318905322882
mean_aim6 = -0.058036352392654186
mean_aim7 = -0.7393753056619318
mean_aim8 = -0.434413769479334
mean_aim9 = -0.4784734358589649
mean_aim10 = -0.7553383104929331
mean_aim11 = -0.4007991089397771
mean_aim12 = -0.7330317318389883
mean_aim13 = -0.47281729731227
mean_aim14 = -0.16102274308413478
