seed = 6
n_neurons = 5000

mean_goal1 = -0.4581646577416142
mean_goal2 = -0.23832484580137694
mean_goal3 = 0.12108766175672327
mean_goal4 = -0.01778867149610359
mean_goal5 = -0.4981461883070938
mean_goal6 = -0.3661672188946043
mean_noplay1 = -0.4187766420943505
mean_noplay2 = -0.27145888504410576
mean_noplay3 = -0.5128195162434155
mean_noplay4 = -0.42800588102714765
mean_noplay5 = -0.3603167665925998
mean_noplay6 = -0.4457508044240937
mean_noplay7 = -0.24797447554419402
mean_noplay8 = -0.4265265678851119
mean_aim1 = -0.49087422378688467
mean_aim2 = -0.6082097632728946
mean_aim3 = -0.44691378914872154
mean_aim4 = -0.4069295901180127
mean_aim5 = -0.5364084189847402
mean_aim6 = -0.15549195113843656
mean_aim7 = -0.2716399807564704
mean_aim8 = -0.3947316460364868
mean_aim9 = -0.1540417228515403
mean_aim10 = -0.5965175657186566
mean_aim11 = -0.4433893465545983
mean_aim12 = -0.6021271487822534
mean_aim13 = -0.4355427262876363
mean_aim14 = -0.09703229000085233
