seed = 1
n_neurons = 200

mean_goal1 = -0.3336964234010752
mean_goal2 = 0.02917696248123396
mean_goal3 = 0.2755392299770498
mean_goal4 = -0.2978683447540457
mean_goal5 = -0.2997993049651372
mean_goal6 = -0.2568263710717107
mean_noplay1 = -0.31234114785125067
mean_noplay2 = -0.12412326083046216
mean_noplay3 = -0.3841262135269215
mean_noplay4 = -0.19968881764579816
mean_noplay5 = -0.1853043073837259
mean_noplay6 = -0.10705323812453131
mean_noplay7 = -0.08083289251947046
mean_noplay8 = -0.5317104795487388
mean_aim1 = -0.27547619551111313
mean_aim2 = -0.17401511854574922
mean_aim3 = -0.225499530951398
mean_aim4 = -0.24024665610935142
mean_aim5 = -0.1457634769624738
mean_aim6 = -0.13421978784398664
mean_aim7 = -0.3389998824357989
mean_aim8 = -0.13903429460697744
mean_aim9 = -0.2822776866060554
mean_aim10 = -0.3515581575076874
mean_aim11 = -0.32095775860936104
mean_aim12 = -0.3050462808193079
mean_aim13 = -0.25391297800698354
mean_aim14 = -0.1721596548217014
