seed = 1
n_neurons = 500

mean_goal1 = -0.392541584711517
mean_goal2 = 0.144906034320428
mean_goal3 = 0.3863554153903057
mean_goal4 = -0.33737761129647525
mean_goal5 = -0.41018671776235344
mean_goal6 = -0.3328793630592329
mean_noplay1 = -0.4224333916703252
mean_noplay2 = -0.07720525374616595
mean_noplay3 = -0.4201736190805992
mean_noplay4 = -0.34389164676850914
mean_noplay5 = -0.3015680568848738
mean_noplay6 = -0.06836767636655307
mean_noplay7 = -0.043776774059528546
mean_noplay8 = -0.5960398769446251
mean_aim1 = -0.3224143820772229
mean_aim2 = -0.23149645565018528
mean_aim3 = -0.2918249819815568
mean_aim4 = -0.2747508754168866
mean_aim5 = -0.21665695072102756
mean_aim6 = -0.12664354721399324
mean_aim7 = -0.33883183699302344
mean_aim8 = -0.1682094681976403
mean_aim9 = -0.24212093694962278
mean_aim10 = -0.41109155220173305
mean_aim11 = -0.3522175329333746
mean_aim12 = -0.32584528813675834
mean_aim13 = -0.2909519879827072
mean_aim14 = -0.16029189791282697
