seed = 3
n_neurons = 500

mean_goal1 = -0.3559699605810934
mean_goal2 = -0.7494720841437305
mean_goal3 = -0.580391841262484
mean_goal4 = -0.14635107297574299
mean_goal5 = -0.3273912427990236
mean_goal6 = -0.20073681969809493
mean_noplay1 = -0.3319140596771377
mean_noplay2 = -0.60618539742088
mean_noplay3 = -0.6788096163302638
mean_noplay4 = -0.6821419782994674
mean_noplay5 = -0.6783932123202381
mean_noplay6 = -0.385345864832274
mean_noplay7 = -0.47494735112490793
mean_noplay8 = -0.6481172243742414
mean_aim1 = -0.6353342174148627
mean_aim2 = -0.48281644189317335
mean_aim3 = -0.30860102621502394
mean_aim4 = -0.5916736835104477
mean_aim5 = -0.664104428713586
mean_aim6 = -0.308388036727352
mean_aim7 = -0.61332546515267
mean_aim8 = -0.5183782762774252
mean_aim9 = -0.4322169583282399
mean_aim10 = -0.615560422269863
mean_aim11 = -0.42818250950986053
mean_aim12 = -0.5945760345438322
mean_aim13 = -0.506880691039354
mean_aim14 = -0.3391085886820227
