seed = 18
n_neurons = 2000

mean_goal1 = -0.5434522453178464
mean_goal2 = -0.05265682496970638
mean_goal3 = 0.2586599318721311
mean_goal4 = -0.48637311157411717
mean_goal5 = -0.007189671058505224
mean_goal6 = 0.3465567941430765
mean_noplay1 = 0.12662942171440186
mean_noplay2 = -0.29078247667267504
mean_noplay3 = -0.15017355129043009
mean_noplay4 = -0.4078259310148134
mean_noplay5 = -0.25573871301370094
mean_noplay6 = 0.17169690135079546
mean_noplay7 = -0.19277375622984716
mean_noplay8 = -0.24199984111693063
mean_aim1 = -0.40605112759628376
mean_aim2 = -0.263172862311222
mean_aim3 = -0.47078388524911924
mean_aim4 = -0.6109238631828842
mean_aim5 = -0.7305678940627947
mean_aim6 = -0.22587742777527747
mean_aim7 = -0.6060441051026983
mean_aim8 = -0.29058766545793735
mean_aim9 = -0.5171042387917735
mean_aim10 = -0.5125274299224657
mean_aim11 = -0.5544338871163246
mean_aim12 = -0.507139636032025
mean_aim13 = -0.42758496777817534
mean_aim14 = -0.24177140211472425
