seed = 16
n_neurons = 2000

mean_goal1 = 0.0077099488202293865
mean_goal2 = -0.6851488850532164
mean_goal3 = -1.023596686068552
mean_goal4 = -0.6339738921064666
mean_goal5 = -0.30276399418152283
mean_goal6 = -1.0841321059376408
mean_noplay1 = -0.8622492857322904
mean_noplay2 = -0.45205706063400813
mean_noplay3 = -0.636592882733541
mean_noplay4 = -0.8663564495681004
mean_noplay5 = -1.0291477003837306
mean_noplay6 = -0.7553323792813205
mean_noplay7 = 0.12840545995794367
mean_noplay8 = -0.9331140959002702
mean_aim1 = -0.7536216347252064
mean_aim2 = -0.602338094927071
mean_aim3 = -0.37191826010335816
mean_aim4 = -0.924673645320042
mean_aim5 = -1.008957285739288
mean_aim6 = -0.3637770076408928
mean_aim7 = -0.8374519072281679
mean_aim8 = -0.5906478981734224
mean_aim9 = -0.5925755871668555
mean_aim10 = -0.8210811731160838
mean_aim11 = -0.58648053142437
mean_aim12 = -0.8108711561680454
mean_aim13 = -0.6197702709680482
mean_aim14 = -0.39165416404206743
