seed = 13
n_neurons = 200

mean_goal1 = 0.025155917784762553
mean_goal2 = -0.22622146863251805
mean_goal3 = -0.03921525047860929
mean_goal4 = 0.050974303491968534
mean_goal5 = -0.26294201082899193
mean_goal6 = -0.07466047134075988
mean_noplay1 = -0.24177898872181905
mean_noplay2 = -0.06788487502683256
mean_noplay3 = -0.09097833733201328
mean_noplay4 = -0.058696970911117634
mean_noplay5 = -0.32357631278653803
mean_noplay6 = -0.1759521286133714
mean_noplay7 = -0.1231997182053813
mean_noplay8 = -0.045421349359348176
mean_aim1 = -0.26486906380062397
mean_aim2 = -0.0835076204610058
mean_aim3 = -0.16929592023555406
mean_aim4 = -0.2304404219483949
mean_aim5 = -0.20196594518971722
mean_aim6 = -0.09004977202355992
mean_aim7 = -0.3164410662859475
mean_aim8 = -0.09376661411602535
mean_aim9 = -0.2550489321696296
mean_aim10 = -0.2674283306228768
mean_aim11 = -0.26596316788860863
mean_aim12 = -0.22037513364721875
mean_aim13 = -0.19291778051495984
mean_aim14 = -0.1256312229910621
