seed = 9
n_neurons = 5000

mean_goal1 = 0.25700327798710493
mean_goal2 = -0.32070636597454594
mean_goal3 = 0.46899993283770813
mean_goal4 = -0.3289756140191407
mean_goal5 = -0.2746303038878965
mean_goal6 = -0.5257650519300313
mean_noplay1 = -0.37999515915464827
mean_noplay2 = 0.4522394205132366
mean_noplay3 = 0.2908914949890548
mean_noplay4 = 0.28788644978713696
mean_noplay5 = -0.5399253571288999
mean_noplay6 = -0.1486872882424054
mean_noplay7 = 0.5037431405805076
mean_noplay8 = -0.09484865365233976
mean_aim1 = -0.40020850674362385
mean_aim2 = -0.28868116942609867
mean_aim3 = -0.08553209215165188
mean_aim4 = -0.5430577787001253
mean_aim5 = -0.5268361644316387
mean_aim6 = 0.11779180551838085
mean_aim7 = -0.4677718085912545
mean_aim8 = -0.3032465666654424
mean_aim9 = -0.16251638252971085
mean_aim10 = -0.5677779300441324
mean_aim11 = -0.20282156226703393
mean_aim12 = -0.41118924566197135
mean_aim13 = -0.20447231905753604
mean_aim14 = 0.06837635095276352
