seed = 6
n_neurons = 1000

mean_goal1 = -0.47265567041684664
mean_goal2 = -0.11850871091975909
mean_goal3 = 0.07433391512106556
mean_goal4 = -0.17444350040851533
mean_goal5 = -0.4405171258216311
mean_goal6 = -0.31112601575098936
mean_noplay1 = -0.2999307457042891
mean_noplay2 = -0.3144616875089703
mean_noplay3 = -0.3146134445532201
mean_noplay4 = -0.1964226638625074
mean_noplay5 = -0.20972311516396594
mean_noplay6 = -0.2612182834290655
mean_noplay7 = -0.16386828830583833
mean_noplay8 = -0.28721124096349165
mean_aim1 = -0.29429670615611836
mean_aim2 = -0.17266466234691658
mean_aim3 = -0.2555175790184602
mean_aim4 = -0.23269611844335605
mean_aim5 = -0.2773920985275261
mean_aim6 = -0.1401209505964436
mean_aim7 = -0.29892509938691386
mean_aim8 = -0.11040036380334611
mean_aim9 = -0.2778255109293731
mean_aim10 = -0.32353442962411233
mean_aim11 = -0.3033698777721328
mean_aim12 = -0.3555453211930065
mean_aim13 = -0.21034804473631827
mean_aim14 = -0.17604955897575722
