seed = 16
n_neurons = 1000

mean_goal1 = 0.026083695420220973
mean_goal2 = -0.7563707622390552
mean_goal3 = -1.167267913379634
mean_goal4 = -0.7207973751365248
mean_goal5 = -0.3089136496090848
mean_goal6 = -1.146948241980863
mean_noplay1 = -0.7881776678650634
mean_noplay2 = -0.4862291643330972
mean_noplay3 = -0.6462693343617418
mean_noplay4 = -0.8405296710954737
mean_noplay5 = -1.1154284048191396
mean_noplay6 = -0.8001849347616827
mean_noplay7 = 0.12044291801651234
mean_noplay8 = -1.016465119389798
mean_aim1 = -0.6994459239680507
mean_aim2 = -0.4213788783336927
mean_aim3 = -0.19412225292786
mean_aim4 = -0.6605656939266452
mean_aim5 = -0.6403291151029623
mean_aim6 = -0.12977775330805816
mean_aim7 = -0.6844061509713005
mean_aim8 = -0.4683942961278983
mean_aim9 = -0.34915694170172834
mean_aim10 = -0.7070517145129752
mean_aim11 = -0.37796696066574154
mean_aim12 = -0.6618696166159115
mean_aim13 = -0.46147905004209555
mean_aim14 = -0.15115330808230282
