seed = 10
n_neurons = 1000

mean_goal1 = -0.5656499386855767
mean_goal2 = -0.9245855195921276
mean_goal3 = -1.2098609119224253
mean_goal4 = -0.9610732444605161
mean_goal5 = -0.5411098511894432
mean_goal6 = -0.4772396174736533
mean_noplay1 = -0.6283220738452961
mean_noplay2 = -0.7402461636844397
mean_noplay3 = -0.8831141890979743
mean_noplay4 = -1.0131512283552124
mean_noplay5 = -0.9292065120298386
mean_noplay6 = -0.3778732771502649
mean_noplay7 = -0.20484675567750946
mean_noplay8 = 0.03014291744976776
mean_aim1 = -0.6817729076546543
mean_aim2 = -0.5048840488332141
mean_aim3 = -0.3518855937685415
mean_aim4 = -0.6667364317303804
mean_aim5 = -0.8426334138604125
mean_aim6 = -0.15535161396183342
mean_aim7 = -0.7406502514603036
mean_aim8 = -0.4450264930393011
mean_aim9 = -0.44952729164633437
mean_aim10 = -0.8127676356033694
mean_aim11 = -0.4956249667329804
mean_aim12 = -0.7096588481928666
mean_aim13 = -0.5523654126116906
mean_aim14 = -0.3069044381056376
