seed = 3
n_neurons = 200

mean_goal1 = -0.2978591578538483
mean_goal2 = -0.4859650687148296
mean_goal3 = -0.49750164654726436
mean_goal4 = -0.24348044806057817
mean_goal5 = -0.3603546105503442
mean_goal6 = -0.19839452700370375
mean_noplay1 = -0.3215034242685352
mean_noplay2 = -0.49667211296517516
mean_noplay3 = -0.6053358817204748
mean_noplay4 = -0.490180205779336
mean_noplay5 = -0.4242964158845383
mean_noplay6 = -0.3900102144558242
mean_noplay7 = -0.4020251312787266
mean_noplay8 = -0.4772863651112903
mean_aim1 = -0.4485831314355448
mean_aim2 = -0.37710464082490586
mean_aim3 = -0.30561073961325463
mean_aim4 = -0.45614979344583584
mean_aim5 = -0.43284898768588864
mean_aim6 = -0.3011244960713422
mean_aim7 = -0.5108567100529522
mean_aim8 = -0.41213012054757175
mean_aim9 = -0.3901619123680441
mean_aim10 = -0.4760287647445276
mean_aim11 = -0.4277828027253321
mean_aim12 = -0.41572326138314236
mean_aim13 = -0.448040691413052
mean_aim14 = -0.3336732138550155
