seed = 15
n_neurons = 2000

mean_goal1 = -0.06340497141821742
mean_goal2 = 0.22430387487290407
mean_goal3 = 0.06339936009633337
mean_goal4 = -0.5960803985928441
mean_goal5 = -0.7950784302579037
mean_goal6 = -0.9291752656238267
mean_noplay1 = -0.5798159084099485
mean_noplay2 = -1.012661538257286
mean_noplay3 = -0.6525032882234207
mean_noplay4 = -0.8063344136450675
mean_noplay5 = -0.38400320457902465
mean_noplay6 = 0.17601652665750853
mean_noplay7 = 0.1107600312328145
mean_noplay8 = 0.09369715704541519
mean_aim1 = -0.5352701949646933
mean_aim2 = -0.4436653971786087
mean_aim3 = -0.4350147542258554
mean_aim4 = -0.6303645808032623
mean_aim5 = -0.4627420287576167
mean_aim6 = -0.17044433116983657
mean_aim7 = -0.6468468042716917
mean_aim8 = -0.43910266560498734
mean_aim9 = -0.3895160617834727
mean_aim10 = -0.7530369421972424
mean_aim11 = -0.5349362617993849
mean_aim12 = -0.6425866211423333
mean_aim13 = -0.46623732520239564
mean_aim14 = -0.13692848120624904
