seed = 1
n_neurons = 2000

mean_goal1 = -0.26854573470539905
mean_goal2 = 0.14165798491560805
mean_goal3 = 0.3404212173772097
mean_goal4 = -0.2382389152738941
mean_goal5 = -0.32520441892660273
mean_goal6 = -0.26305697478661577
mean_noplay1 = -0.33948427104135903
mean_noplay2 = -0.01743957553983248
mean_noplay3 = -0.2632797689873479
mean_noplay4 = -0.21317828880144005
mean_noplay5 = -0.19778871731345893
mean_noplay6 = 0.04946831902253202
mean_noplay7 = 0.04816627235599307
mean_noplay8 = -0.3602187984131587
mean_aim1 = -0.34184902394406474
mean_aim2 = -0.3326554296094047
mean_aim3 = -0.26552409616123573
mean_aim4 = -0.3724319786403445
mean_aim5 = -0.38016914301327714
mean_aim6 = -0.06696457046098869
mean_aim7 = -0.3551363874276299
mean_aim8 = -0.17976695291005443
mean_aim9 = -0.33488742666645743
mean_aim10 = -0.4205319164609642
mean_aim11 = -0.34959857073192585
mean_aim12 = -0.38105118555715023
mean_aim13 = -0.2511862990540333
mean_aim14 = -0.11496701445776292
