seed = 12
n_neurons = 500

mean_goal1 = -0.47412250668358125
mean_goal2 = -0.3846346483496484
mean_goal3 = -0.5707694878160792
mean_goal4 = -0.5890349253337291
mean_goal5 = -0.41548026736620775
mean_goal6 = -0.3223433491959468
mean_noplay1 = -0.38893346638754267
mean_noplay2 = -0.12007506875676842
mean_noplay3 = -0.4512377827078007
mean_noplay4 = -0.5716192129514972
mean_noplay5 = -0.582994576946134
mean_noplay6 = -0.3500092996321102
mean_noplay7 = 0.18255896447738706
mean_noplay8 = -0.669096327939744
mean_aim1 = -0.448049572242192
mean_aim2 = -0.3725546524582507
mean_aim3 = -0.13896869743244922
mean_aim4 = -0.5868187463196308
mean_aim5 = -0.7170613401677036
mean_aim6 = -0.07236516030552788
mean_aim7 = -0.45918614465956215
mean_aim8 = -0.2548821560679751
mean_aim9 = -0.31334005349699523
mean_aim10 = -0.4593332882319585
mean_aim11 = -0.2774155476903646
mean_aim12 = -0.4706296394290292
mean_aim13 = -0.17200313311146195
mean_aim14 = -0.11477846590328891
