seed = 7
n_neurons = 200

mean_goal1 = 0.15044869443017903
mean_goal2 = -0.3778101036440941
mean_goal3 = -0.22054346333917074
mean_goal4 = -0.42577251159132457
mean_goal5 = -0.4266127739561563
mean_goal6 = 0.30759039886809386
mean_noplay1 = 0.29656254199967597
mean_noplay2 = 0.014326914548606042
mean_noplay3 = -0.43277814935814407
mean_noplay4 = 0.052113331470840116
mean_noplay5 = 0.3111638194934737
mean_noplay6 = -0.29487381442418054
mean_noplay7 = -0.43922125264776907
mean_noplay8 = -0.7779349598727737
mean_aim1 = -0.5705653993881835
mean_aim2 = -0.4425287800373432
mean_aim3 = -0.42177276792420626
mean_aim4 = -0.43812472188683244
mean_aim5 = -0.36486647987197074
mean_aim6 = -0.1417287448296341
mean_aim7 = -0.5433680239367296
mean_aim8 = -0.24428115612062112
mean_aim9 = -0.4286532037790431
mean_aim10 = -0.5844289018329225
mean_aim11 = -0.4661859864433807
mean_aim12 = -0.5340812602425411
mean_aim13 = -0.39078704709980644
mean_aim14 = -0.16397632435316264
