seed = 5
n_neurons = 2000

mean_goal1 = -0.5313117549326677
mean_goal2 = -0.5560179704346067
mean_goal3 = -0.5585858528950648
mean_goal4 = -0.5126961478083663
mean_goal5 = -0.07633704633639109
mean_goal6 = -0.15904363711235622
mean_noplay1 = 0.20192218528412792
mean_noplay2 = 0.42367165749636587
mean_noplay3 = -0.06131759597879408
mean_noplay4 = -0.09022444740887246
mean_noplay5 = -0.030653618084117523
mean_noplay6 = -0.6027374387424587
mean_noplay7 = -0.029179153025095893
mean_noplay8 = -0.570948497216449
mean_aim1 = -0.5776164459844886
mean_aim2 = -0.43954194178971223
mean_aim3 = -0.3055901416078345
mean_aim4 = -0.6342894423339803
mean_aim5 = -0.6684941444644047
mean_aim6 = -0.04479945816544289
mean_aim7 = -0.5408784614890637
mean_aim8 = -0.30740599135432034
mean_aim9 = -0.36745383719597424
mean_aim10 = -0.6197729802925732
mean_aim11 = -0.33265261709189337
mean_aim12 = -0.5603884090158692
mean_aim13 = -0.34904913573162444
mean_aim14 = -0.09565475735635363
