seed = 16
n_neurons = 200

mean_goal1 = 0.010757914369307512
mean_goal2 = -0.48441488058290305
mean_goal3 = -0.5713783136743212
mean_goal4 = -0.35909633593918583
mean_goal5 = -0.2442276277168825
mean_goal6 = -0.861978157079272
mean_noplay1 = -0.6468803631448476
mean_noplay2 = -0.36308571337816115
mean_noplay3 = -0.40850850603407013
mean_noplay4 = -0.45191039706068364
mean_noplay5 = -0.4509690467290076
mean_noplay6 = -0.5318628740378357
mean_noplay7 = 0.10828114615780672
mean_noplay8 = -0.6490844669903385
mean_aim1 = -0.5954469301199908
mean_aim2 = -0.3439131558183047
mean_aim3 = -0.0939022138670381
mean_aim4 = -0.5896122265961072
mean_aim5 = -0.5753612783096355
mean_aim6 = -0.012640782356331516
mean_aim7 = -0.6581720094125955
mean_aim8 = -0.31111777384268313
mean_aim9 = -0.2999494202041035
mean_aim10 = -0.6215122599476156
mean_aim11 = -0.3285864026946251
mean_aim12 = -0.536468564381513
mean_aim13 = -0.3798273678966836
mean_aim14 = -0.06277309537354366
