seed = 14
n_neurons = 2000

mean_goal1 = -0.26325425453832213
mean_goal2 = -0.24679095849364682
mean_goal3 = 0.015681264593108722
mean_goal4 = -0.3202502852176852
mean_goal5 = -0.19126179256637485
mean_goal6 = 0.12826129839162845
mean_noplay1 = 0.08375653844783373
mean_noplay2 = -0.10506506398618735
mean_noplay3 = -0.12122755988574574
mean_noplay4 = -0.3343577386176914
mean_noplay5 = -0.2956750284386867
mean_noplay6 = -0.22726149064724102
mean_noplay7 = -0.24810209682878986
mean_noplay8 = -0.05622323466186734
mean_aim1 = -0.2483214774989424
mean_aim2 = -0.10925167433134245
mean_aim3 = -0.12311658632155704
mean_aim4 = -0.28229695105643726
mean_aim5 = -0.35706911192480745
mean_aim6 = -0.044701745621652515
mean_aim7 = -0.36332320731727386
mean_aim8 = -0.16380702400167074
mean_aim9 = -0.2707301482831783
mean_aim10 = -0.3343799100227208
mean_aim11 = -0.1819364802111589
mean_aim12 = -0.30113417751048877
mean_aim13 = -0.2258614427416512
mean_aim14 = -0.1515968725838175
