seed = 19
n_neurons = 1000

mean_goal1 = -0.47538611039122697
mean_goal2 = -0.45150897695561804
mean_goal3 = -0.3906779617549452
mean_goal4 = 0.17133394526680315
mean_goal5 = -0.4832680359844522
mean_goal6 = -0.30525222612644753
mean_noplay1 = 0.030028717953997155
mean_noplay2 = -0.0551940636621603
mean_noplay3 = -0.44953060582968823
mean_noplay4 = 0.09066280403918428
mean_noplay5 = -0.5426739379218681
mean_noplay6 = -0.13031832374767757
mean_noplay7 = -0.2699316693482857
mean_noplay8 = -0.47992783544895784
mean_aim1 = -0.33147667601691844
mean_aim2 = 0.006994965235659467
mean_aim3 = -0.525372108525904
mean_aim4 = -0.44793836157684447
mean_aim5 = -0.1856907948286477
mean_aim6 = -0.22292907204435733
mean_aim7 = -0.3385149484534659
mean_aim8 = -0.10524653418512572
mean_aim9 = -0.26518758308979146
mean_aim10 = -0.4050550792704916
mean_aim11 = -0.5082671077357843
mean_aim12 = -0.32000061967148646
mean_aim13 = -0.3864865865675233
mean_aim14 = -0.24531499279806676
