seed = 12
n_neurons = 200

mean_goal1 = -0.353450372439176
mean_goal2 = -0.2819546701096632
mean_goal3 = -0.4034462084799664
mean_goal4 = -0.45398405024350763
mean_goal5 = -0.30112313416971753
mean_goal6 = -0.35235849604737307
mean_noplay1 = -0.35652372786226466
mean_noplay2 = -0.09093999441906798
mean_noplay3 = -0.34833188040616747
mean_noplay4 = -0.4254964322901225
mean_noplay5 = -0.4973833416745346
mean_noplay6 = -0.24699708340795448
mean_noplay7 = 0.08890113447583445
mean_noplay8 = -0.44410935252581796
mean_aim1 = -0.4821022793284577
mean_aim2 = -0.3728211676121779
mean_aim3 = -0.18634766886711032
mean_aim4 = -0.6170082605142554
mean_aim5 = -0.6566986252889225
mean_aim6 = -0.09260159165633529
mean_aim7 = -0.579587202190944
mean_aim8 = -0.2390968623835987
mean_aim9 = -0.37029769887114516
mean_aim10 = -0.543251865158471
mean_aim11 = -0.264046428654037
mean_aim12 = -0.5292433926702195
mean_aim13 = -0.23560057712675928
mean_aim14 = -0.14654742564508816
