seed = 6
n_neurons = 500

mean_goal1 = -0.39121078335765974
mean_goal2 = -0.07329801674241662
mean_goal3 = 0.07258528623378559
mean_goal4 = -0.20957548861526665
mean_goal5 = -0.4310085570944041
mean_goal6 = -0.21146255947508347
mean_noplay1 = -0.1634836364117499
mean_noplay2 = -0.2673320844645366
mean_noplay3 = -0.27256740563535736
mean_noplay4 = -0.1573376339686539
mean_noplay5 = -0.18378803532857485
mean_noplay6 = -0.1663705207174188
mean_noplay7 = -0.1272645115585812
mean_noplay8 = -0.23957189611791485
mean_aim1 = -0.2853121234584346
mean_aim2 = -0.1867393412567641
mean_aim3 = -0.19376755776395066
mean_aim4 = -0.2988940285446342
mean_aim5 = -0.29574107700771457
mean_aim6 = -0.1364935542800001
mean_aim7 = -0.29789615378205236
mean_aim8 = -0.11360075818230628
mean_aim9 = -0.23588390350495408
mean_aim10 = -0.31992660714593935
mean_aim11 = -0.2500176103021975
mean_aim12 = -0.33439285236535693
mean_aim13 = -0.18223278708977766
mean_aim14 = -0.12461852192377532
