seed = 7
n_neurons = 500

mean_goal1 = 0.2380911059407615
mean_goal2 = -0.4652338129440214
mean_goal3 = -0.27129227216772084
mean_goal4 = -0.5494295760701509
mean_goal5 = -0.5344998555757452
mean_goal6 = 0.46371374195600745
mean_noplay1 = 0.4288577609642098
mean_noplay2 = 0.030351407641451413
mean_noplay3 = -0.5440211374477668
mean_noplay4 = 0.0963773532309662
mean_noplay5 = 0.4302451317392547
mean_noplay6 = -0.31015102401553707
mean_noplay7 = -0.5376488230195602
mean_noplay8 = -0.9128028983822791
mean_aim1 = -0.8012005849480559
mean_aim2 = -0.7392578206800846
mean_aim3 = -0.576097309008879
mean_aim4 = -0.7832349144977309
mean_aim5 = -0.8395002304826436
mean_aim6 = -0.2949746983142626
mean_aim7 = -0.8010376562098663
mean_aim8 = -0.5196430802976143
mean_aim9 = -0.5633002133393831
mean_aim10 = -0.9387620189851041
mean_aim11 = -0.6462069523515319
mean_aim12 = -0.8764218744574515
mean_aim13 = -0.5895370454106882
mean_aim14 = -0.2957216730592557
