seed = 12
n_neurons = 2000

mean_goal1 = -0.3884490787547031
mean_goal2 = -0.2753035062457946
mean_goal3 = -0.46166992668080714
mean_goal4 = -0.5362492438871121
mean_goal5 = -0.22740943698263089
mean_goal6 = -0.2774561252115781
mean_noplay1 = -0.318244752759744
mean_noplay2 = -0.013164910688328608
mean_noplay3 = -0.2896761953159458
mean_noplay4 = -0.5008360678147158
mean_noplay5 = -0.46975790958810953
mean_noplay6 = -0.19533035324464718
mean_noplay7 = 0.30985771268459633
mean_noplay8 = -0.585424272581366
mean_aim1 = -0.21858063248207873
mean_aim2 = -0.32502363095923403
mean_aim3 = 0.05070881759925503
mean_aim4 = -0.4758315591408154
mean_aim5 = -0.49915465741459797
mean_aim6 = -0.07935276524899244
mean_aim7 = -0.44924628234806824
mean_aim8 = -0.21131150248204703
mean_aim9 = -0.12834666951986898
mean_aim10 = -0.43745638178267743
mean_aim11 = -0.2921267542959689
mean_aim12 = -0.49268703143591847
mean_aim13 = -0.24038924801517364
mean_aim14 = -0.14801721584695135
