seed = 5
n_neurons = 5000

mean_goal1 = -0.5150642468284408
mean_goal2 = -0.5626425853007764
mean_goal3 = -0.6101047219839095
mean_goal4 = -0.5902555111390134
mean_goal5 = 0.05077380672187244
mean_goal6 = -0.045470489545603066
mean_noplay1 = 0.3262137719615271
mean_noplay2 = 0.5268527220411829
mean_noplay3 = 0.07030889979359684
mean_noplay4 = 0.09027255142646644
mean_noplay5 = 0.11261058504177636
mean_noplay6 = -0.6110254845406877
mean_noplay7 = 0.08466624410591966
mean_noplay8 = -0.6643659324328529
mean_aim1 = -0.47833933611629387
mean_aim2 = -0.28634030654279446
mean_aim3 = -0.20468730461842752
mean_aim4 = -0.549019643865784
mean_aim5 = -0.5383537288954507
mean_aim6 = 0.13483340918098438
mean_aim7 = -0.38025309982570826
mean_aim8 = -0.25513051100612494
mean_aim9 = -0.20948023221389714
mean_aim10 = -0.4532149318217701
mean_aim11 = -0.2078709610467839
mean_aim12 = -0.4239873339810228
mean_aim13 = -0.29531640527268344
mean_aim14 = -0.009994676254928964
