seed = 15
n_neurons = 1000

mean_goal1 = -0.09471405620563399
mean_goal2 = 0.25013817835804436
mean_goal3 = 0.020002505659094737
mean_goal4 = -0.6355819360792607
mean_goal5 = -0.870645292194873
mean_goal6 = -0.7878434384968945
mean_noplay1 = -0.5140831786424122
mean_noplay2 = -0.8506013100665062
mean_noplay3 = -0.7167084887543739
mean_noplay4 = -0.7469187642818741
mean_noplay5 = -0.4323427954185964
mean_noplay6 = 0.23346151115168753
mean_noplay7 = 0.1569748730262291
mean_noplay8 = 0.02982774754490079
mean_aim1 = -0.5788100820788389
mean_aim2 = -0.36457545419916765
mean_aim3 = -0.3898141209128327
mean_aim4 = -0.6042676003251504
mean_aim5 = -0.5928946181179217
mean_aim6 = -0.22074639315917893
mean_aim7 = -0.6733756978848857
mean_aim8 = -0.39304249645969563
mean_aim9 = -0.5326860579866189
mean_aim10 = -0.706013267574222
mean_aim11 = -0.5427142825335798
mean_aim12 = -0.6688658910826454
mean_aim13 = -0.5113216351091058
mean_aim14 = -0.24256988171411845
