seed = 13
n_neurons = 5000

mean_goal1 = 0.31634978783979
mean_goal2 = -0.08060252214379264
mean_goal3 = 0.2905480737402957
mean_goal4 = 0.5606211512044781
mean_goal5 = -0.03621406584604847
mean_goal6 = 0.022350620367456085
mean_noplay1 = -0.1616804612964976
mean_noplay2 = 0.21442924998359297
mean_noplay3 = 0.2586959832546245
mean_noplay4 = 0.12745636830936719
mean_noplay5 = -0.1295268682842643
mean_noplay6 = 0.07865789986634215
mean_noplay7 = -0.03341801489974337
mean_noplay8 = 0.17135792692397492
mean_aim1 = -0.18951850309958593
mean_aim2 = -0.008286862488410112
mean_aim3 = 0.09413285296776605
mean_aim4 = -0.11467007238965847
mean_aim5 = -0.031553714046874064
mean_aim6 = 0.1787492848553287
mean_aim7 = -0.1853859457691615
mean_aim8 = -0.04327978774643093
mean_aim9 = 0.05789144458288614
mean_aim10 = -0.23006646755489157
mean_aim11 = 0.03331194640798657
mean_aim12 = -0.18418753022949372
mean_aim13 = -0.14279257042493892
mean_aim14 = 0.18138942256875265
