seed = 12
n_neurons = 1000

mean_goal1 = -0.5114909817493316
mean_goal2 = -0.4014541881778788
mean_goal3 = -0.6212228828436939
mean_goal4 = -0.6641261883570819
mean_goal5 = -0.38417244957761404
mean_goal6 = -0.3151450115386601
mean_noplay1 = -0.3593679352160821
mean_noplay2 = -0.1379716241535108
mean_noplay3 = -0.4311457695975396
mean_noplay4 = -0.5752858436095241
mean_noplay5 = -0.6075761918168185
mean_noplay6 = -0.3895484379803832
mean_noplay7 = 0.19751700028061553
mean_noplay8 = -0.7413882896715783
mean_aim1 = -0.43471474773952057
mean_aim2 = -0.3355286984484912
mean_aim3 = -0.36001691509404077
mean_aim4 = -0.6654550041109055
mean_aim5 = -0.6688126578274238
mean_aim6 = -0.12199974632778639
mean_aim7 = -0.6241266545855044
mean_aim8 = -0.3044350735446144
mean_aim9 = -0.2624866672338129
mean_aim10 = -0.2807483121091252
mean_aim11 = -0.31115195166721105
mean_aim12 = -0.5869892087625882
mean_aim13 = -0.3334066050695769
mean_aim14 = -0.16546441530472727
