seed = 7
n_neurons = 2000

mean_goal1 = 0.2190238060015769
mean_goal2 = -0.4380382787845987
mean_goal3 = -0.3296797580129223
mean_goal4 = -0.6769181260910988
mean_goal5 = -0.5437466263236403
mean_goal6 = 0.4743842070777423
mean_noplay1 = 0.4288941799973561
mean_noplay2 = -0.02272103491776726
mean_noplay3 = -0.6280663998817382
mean_noplay4 = 0.08596867929333948
mean_noplay5 = 0.4024244035936556
mean_noplay6 = -0.3956753435089624
mean_noplay7 = -0.6965936909525172
mean_noplay8 = -0.9238706280829206
mean_aim1 = -0.8035586473420006
mean_aim2 = -0.558278316098284
mean_aim3 = -0.5126010976761488
mean_aim4 = -0.9019200021982946
mean_aim5 = -0.9064979324149444
mean_aim6 = -0.20455965568887835
mean_aim7 = -0.8424700124409924
mean_aim8 = -0.4667184959048055
mean_aim9 = -0.5420265017994252
mean_aim10 = -0.8602932430345926
mean_aim11 = -0.6049731780528121
mean_aim12 = -0.843279192870382
mean_aim13 = -0.5201665641918466
mean_aim14 = -0.24464692004481434
