seed = 9
n_neurons = 1000

mean_goal1 = 0.17030217161822864
mean_goal2 = -0.4115524868731321
mean_goal3 = 0.35036442232027754
mean_goal4 = -0.6533269668802687
mean_goal5 = -0.31745272930789126
mean_goal6 = -0.738968331266543
mean_noplay1 = -0.5669649338394153
mean_noplay2 = 0.2733676072165739
mean_noplay3 = 0.15767395400923595
mean_noplay4 = 0.15110007075526
mean_noplay5 = -0.7274822555029403
mean_noplay6 = -0.17804562615995367
mean_noplay7 = 0.36213002241556475
mean_noplay8 = -0.23286287519121832
mean_aim1 = -0.7376908134857264
mean_aim2 = -0.6562192509442746
mean_aim3 = -0.28390956061198463
mean_aim4 = -0.7586701962289784
mean_aim5 = -0.7354313757203212
mean_aim6 = -0.091846616645023
mean_aim7 = -0.7177600478546988
mean_aim8 = -0.42191155266223085
mean_aim9 = -0.42201295933837585
mean_aim10 = -0.8065910120273299
mean_aim11 = -0.41170153947425014
mean_aim12 = -0.6946924946358912
mean_aim13 = -0.44138859202690806
mean_aim14 = -0.135866334668934
