seed = 2
n_neurons = 1000

mean_goal1 = -0.7815719087983848
mean_goal2 = -0.10375518456036664
mean_goal3 = -0.7070475318169605
mean_goal4 = -0.31793306136069893
mean_goal5 = -0.60054686710973
mean_goal6 = -0.17948119448357266
mean_noplay1 = -0.23044681641825226
mean_noplay2 = -0.5464086652356259
mean_noplay3 = -0.2758675892555838
mean_noplay4 = 0.3386477260052344
mean_noplay5 = -0.4734681106415009
mean_noplay6 = -0.9727804868358758
mean_noplay7 = -0.9501382138247365
mean_noplay8 = -0.5299322736511021
mean_aim1 = -0.6796323827817862
mean_aim2 = -0.4782426382891252
mean_aim3 = -0.21154026799922998
mean_aim4 = -0.6868917668494839
mean_aim5 = -0.8098395042035847
mean_aim6 = -0.038395190696933264
mean_aim7 = -0.5746541157735402
mean_aim8 = -0.38299017786321143
mean_aim9 = -0.27567027605281325
mean_aim10 = -0.804527372615794
mean_aim11 = -0.34478838990769695
mean_aim12 = -0.8066777745840695
mean_aim13 = -0.48655454613891375
mean_aim14 = -0.05485994127584723
