seed = 14
n_neurons = 200

mean_goal1 = -0.27612991803654724
mean_goal2 = -0.1881364238196894
mean_goal3 = -0.0984864558181613
mean_goal4 = -0.37452234451870015
mean_goal5 = -0.23019900201756482
mean_goal6 = -0.044962940531005954
mean_noplay1 = -0.06177924996620287
mean_noplay2 = -0.14067021349385528
mean_noplay3 = -0.06552825980907974
mean_noplay4 = -0.31457602356097897
mean_noplay5 = -0.27886501241705486
mean_noplay6 = -0.2138727228530343
mean_noplay7 = -0.19858495936450643
mean_noplay8 = -0.10387279644193027
mean_aim1 = -0.37373841517173173
mean_aim2 = -0.22219611221404065
mean_aim3 = -0.19716927659292455
mean_aim4 = -0.46346659540537355
mean_aim5 = -0.4736590875836677
mean_aim6 = -0.14192474480430725
mean_aim7 = -0.45639887687848774
mean_aim8 = -0.22137979774224203
mean_aim9 = -0.35229195452285683
mean_aim10 = -0.39247123795641686
mean_aim11 = -0.23181557678040396
mean_aim12 = -0.37279468655885806
mean_aim13 = -0.25683354451344687
mean_aim14 = -0.18716196485453204
