seed = 6
n_neurons = 200

mean_goal1 = -0.28960068975838643
mean_goal2 = 0.0020822759839998527
mean_goal3 = 0.11093275393061773
mean_goal4 = -0.18061725756224037
mean_goal5 = -0.3087010265349516
mean_goal6 = -0.19670018758206598
mean_noplay1 = -0.16593200339440523
mean_noplay2 = -0.2359784788234351
mean_noplay3 = -0.20898932340590298
mean_noplay4 = -0.12028622131221023
mean_noplay5 = -0.13688175874645137
mean_noplay6 = -0.1383533796155986
mean_noplay7 = -0.08669694384811573
mean_noplay8 = -0.1198837481582677
mean_aim1 = -0.3140462984346867
mean_aim2 = -0.21036868329448138
mean_aim3 = -0.16589877097662786
mean_aim4 = -0.35301564519446965
mean_aim5 = -0.3555958976071424
mean_aim6 = -0.1578041651504362
mean_aim7 = -0.36232540812253344
mean_aim8 = -0.15041111783322395
mean_aim9 = -0.24232472159667395
mean_aim10 = -0.3530570321169394
mean_aim11 = -0.23156404013736778
mean_aim12 = -0.3621819567878563
mean_aim13 = -0.21619867969476483
mean_aim14 = -0.13491177906833038
