seed = 14
n_neurons = 500

mean_goal1 = -0.2940394334939188
mean_goal2 = -0.21963693940546544
mean_goal3 = -0.08557700601953971
mean_goal4 = -0.3949095536312387
mean_goal5 = -0.21843547939897767
mean_goal6 = 0.036719700293716746
mean_noplay1 = -0.03294646090133819
mean_noplay2 = -0.1742776630409499
mean_noplay3 = -0.07932316421427464
mean_noplay4 = -0.38629154967583956
mean_noplay5 = -0.33325637800973384
mean_noplay6 = -0.2515050249855195
mean_noplay7 = -0.19895924541464177
mean_noplay8 = -0.0911582066609758
mean_aim1 = -0.3107236508587366
mean_aim2 = -0.0992483661638392
mean_aim3 = -0.17650473508001938
mean_aim4 = -0.28104198804377994
mean_aim5 = -0.25601668535622385
mean_aim6 = -0.15726667674762024
mean_aim7 = -0.40023883187047576
mean_aim8 = -0.1723203908515643
mean_aim9 = -0.3589981721752672
mean_aim10 = -0.26408815689293924
mean_aim11 = -0.21998891454112396
mean_aim12 = -0.263506946882383
mean_aim13 = -0.26474895514411584
mean_aim14 = -0.20889435119430208
