seed = 5
n_neurons = 1000

mean_goal1 = -0.8044862872027876
mean_goal2 = -0.75902437786931
mean_goal3 = -0.8350540957512708
mean_goal4 = -0.8931876190317246
mean_goal5 = -0.08164294655041023
mean_goal6 = -0.2216406323169648
mean_noplay1 = 0.11576132467736963
mean_noplay2 = 0.33280538241518237
mean_noplay3 = -0.1881402436729275
mean_noplay4 = -0.20471035211474184
mean_noplay5 = -0.1560634607850264
mean_noplay6 = -0.8561295942324176
mean_noplay7 = -0.1744542838047605
mean_noplay8 = -0.9832658237689549
mean_aim1 = -0.6149362434045016
mean_aim2 = -0.49608574782354137
mean_aim3 = -0.38351676759583664
mean_aim4 = -0.5194463694744892
mean_aim5 = -0.5117837126548158
mean_aim6 = -0.16337447277052197
mean_aim7 = -0.6371332275678999
mean_aim8 = -0.27186063516010295
mean_aim9 = -0.4748260316397482
mean_aim10 = -0.6511546601177443
mean_aim11 = -0.5244197491202008
mean_aim12 = -0.5514928772969023
mean_aim13 = -0.36986834818225467
mean_aim14 = -0.18974497419773112
