seed = 1
n_neurons = 5000

mean_goal1 = -0.22582484163458877
mean_goal2 = 0.1402814728964647
mean_goal3 = 0.34952499568887274
mean_goal4 = -0.16280250728010756
mean_goal5 = -0.3979711303581585
mean_goal6 = -0.2365950246448655
mean_noplay1 = -0.30728087963388173
mean_noplay2 = 0.025006712719251808
mean_noplay3 = -0.21312073411803284
mean_noplay4 = -0.28533961161945826
mean_noplay5 = -0.2588843350015486
mean_noplay6 = 0.0870618460537341
mean_noplay7 = 0.07845902922006964
mean_noplay8 = -0.46981696240586174
mean_aim1 = -0.3726377670839889
mean_aim2 = -0.3893857960060577
mean_aim3 = -0.32074657507679977
mean_aim4 = -0.2951923365952255
mean_aim5 = -0.3618293980208191
mean_aim6 = -0.019451699501649416
mean_aim7 = -0.23338288647276967
mean_aim8 = -0.18772879575655366
mean_aim9 = -0.1646893396942569
mean_aim10 = -0.3932373669211781
mean_aim11 = -0.3184447168668463
mean_aim12 = -0.4389173084364336
mean_aim13 = -0.23353683490407975
mean_aim14 = 0.006526772095554297
