seed = 13
n_neurons = 2000

mean_goal1 = 0.09420289245346256
mean_goal2 = -0.2520305621260615
mean_goal3 = 0.1806352256254024
mean_goal4 = 0.17721848190640893
mean_goal5 = -0.27867846144613867
mean_goal6 = -0.135429578088259
mean_noplay1 = -0.3363984219699756
mean_noplay2 = -0.0316846645514228
mean_noplay3 = -0.05894310743928575
mean_noplay4 = -0.1368764170910367
mean_noplay5 = -0.40770983320908183
mean_noplay6 = -0.11075358976884025
mean_noplay7 = -0.1823774375894606
mean_noplay8 = -0.03893626557340929
mean_aim1 = -0.28543228448329633
mean_aim2 = -0.1015210711362869
mean_aim3 = -0.12160080075088756
mean_aim4 = -0.21371570257933642
mean_aim5 = -0.3476480206163381
mean_aim6 = 0.011397336141323286
mean_aim7 = -0.20958325509581957
mean_aim8 = -0.1259789885787489
mean_aim9 = -0.1096357517099078
mean_aim10 = -0.29468422776035785
mean_aim11 = -0.16622872628720717
mean_aim12 = -0.31825794713362016
mean_aim13 = -0.2088644268932335
mean_aim14 = 0.0164124106901423
