seed = 2
n_neurons = 5000

mean_goal1 = -0.9202315682645971
mean_goal2 = -0.0933595394032712
mean_goal3 = -0.7362010240007537
mean_goal4 = -0.39971036702690194
mean_goal5 = -0.7182087887687876
mean_goal6 = -0.09871967639748667
mean_noplay1 = -0.19959002529018696
mean_noplay2 = -0.47552048945169917
mean_noplay3 = -0.32648687679276633
mean_noplay4 = 0.49431833385527124
mean_noplay5 = -0.5308746596989862
mean_noplay6 = -1.2427987059164765
mean_noplay7 = -1.1741528554263196
mean_noplay8 = -0.6591462106409227
mean_aim1 = -0.7016333023131192
mean_aim2 = -0.6528048581730896
mean_aim3 = -0.3019285177552951
mean_aim4 = -0.7865725677556681
mean_aim5 = -0.9119123455993086
mean_aim6 = -0.08092647942151432
mean_aim7 = -0.6657064112604284
mean_aim8 = -0.5600860925366862
mean_aim9 = -0.6300099454057302
mean_aim10 = -0.8174479070947335
mean_aim11 = -0.33128729482815644
mean_aim12 = -0.8426425818480825
mean_aim13 = -0.5306842530831318
mean_aim14 = -0.16988729648342762
