seed = 4
n_neurons = 1000

mean_goal1 = -0.404014590139469
mean_goal2 = -0.07084703273488974
mean_goal3 = -0.5379877332361216
mean_goal4 = 0.13666532640926457
mean_goal5 = -0.5371457964220709
mean_goal6 = 0.013923322486928954
mean_noplay1 = -0.23600673779226955
mean_noplay2 = 0.06244343379855004
mean_noplay3 = -0.4114741417265005
mean_noplay4 = -0.5032749320814609
mean_noplay5 = -0.782932990422277
mean_noplay6 = -0.6173498047455114
mean_noplay7 = -0.5870373573493529
mean_noplay8 = -0.33438956748228316
mean_aim1 = -0.5987812194130868
mean_aim2 = -0.38363035781489474
mean_aim3 = -0.010348986748440647
mean_aim4 = -0.6567780273625211
mean_aim5 = -0.6315689758598557
mean_aim6 = 0.041267221720030764
mean_aim7 = -0.6939333930988935
mean_aim8 = -0.2158861507249059
mean_aim9 = -0.25317723709241924
mean_aim10 = -0.5814701706588051
mean_aim11 = -0.3150374575264434
mean_aim12 = -0.6631136616152328
mean_aim13 = -0.33444444441723253
mean_aim14 = -0.0264830221815142
