seed = 13
n_neurons = 1000

mean_goal1 = 0.12011819328155747
mean_goal2 = -0.23996886259192907
mean_goal3 = 0.0684460546950015
mean_goal4 = 0.25872133482166315
mean_goal5 = -0.25791442847912094
mean_goal6 = -0.050250998098555474
mean_noplay1 = -0.30376507736151503
mean_noplay2 = -0.03134188855074007
mean_noplay3 = -0.00994093088193477
mean_noplay4 = -0.06762396484096389
mean_noplay5 = -0.367049978406751
mean_noplay6 = -0.12530698445439611
mean_noplay7 = -0.14906929437478061
mean_noplay8 = -0.016264750589286236
mean_aim1 = -0.30073726845701826
mean_aim2 = -0.08216327487404967
mean_aim3 = -0.05750561417814182
mean_aim4 = -0.24777079805269217
mean_aim5 = -0.18189757502024362
mean_aim6 = 0.05138654340777179
mean_aim7 = -0.30211255847159596
mean_aim8 = -0.06270999656050143
mean_aim9 = -0.12649455271027293
mean_aim10 = -0.344730778908411
mean_aim11 = -0.12026366078665472
mean_aim12 = -0.30447455823752334
mean_aim13 = -0.22782739753347853
mean_aim14 = 0.03940563737548314
