seed = 17
n_neurons = 5000

mean_goal1 = 0.3945033659316645
mean_goal2 = 0.10153779221803524
mean_goal3 = -0.44382786018875603
mean_goal4 = -0.6081782545450586
mean_goal5 = -0.5391081849806963
mean_goal6 = -0.8610604120138118
mean_noplay1 = -0.8672209445533986
mean_noplay2 = -0.5907200387828485
mean_noplay3 = -0.10339779785460498
mean_noplay4 = 0.4279944428218791
mean_noplay5 = -0.26689873256534014
mean_noplay6 = -0.710401632606905
mean_noplay7 = -0.5281733603603036
mean_noplay8 = -0.4745867220944286
mean_aim1 = -0.7772669999543474
mean_aim2 = -0.5823133715690281
mean_aim3 = 0.22468231012404483
mean_aim4 = -0.9495237153006316
mean_aim5 = -1.1512515870856974
mean_aim6 = 0.29058372817537087
mean_aim7 = -0.6297885233116162
mean_aim8 = -0.44817300392613213
mean_aim9 = -0.08612062824788938
mean_aim10 = -0.8054680183890145
mean_aim11 = 0.00209951716951436
mean_aim12 = -0.797896744024385
mean_aim13 = -0.3627421628546428
mean_aim14 = 0.25447750738627095
