seed = 5
n_neurons = 200

mean_goal1 = -0.8411237595422
mean_goal2 = -0.7181883972837081
mean_goal3 = -0.7478447038586278
mean_goal4 = -0.8410670402988989
mean_goal5 = -0.0812842932079722
mean_goal6 = -0.28570953157183304
mean_noplay1 = -0.041545182017247
mean_noplay2 = 0.13719073781926944
mean_noplay3 = -0.34009489428997747
mean_noplay4 = -0.33669906530006805
mean_noplay5 = -0.26509880417150783
mean_noplay6 = -0.8275294767130327
mean_noplay7 = -0.29465418618799893
mean_noplay8 = -0.9231869481969843
mean_aim1 = -0.7857527618721756
mean_aim2 = -0.6108798891237325
mean_aim3 = -0.3296772436074194
mean_aim4 = -0.8506803122368608
mean_aim5 = -0.9124545171984576
mean_aim6 = -0.05125012727926816
mean_aim7 = -0.7629469155032739
mean_aim8 = -0.446091437490802
mean_aim9 = -0.49134103524535333
mean_aim10 = -0.7635821588621342
mean_aim11 = -0.442590599279899
mean_aim12 = -0.7672709611555258
mean_aim13 = -0.4874204519224308
mean_aim14 = -0.1716263144753754
