seed = 3
n_neurons = 1000

mean_goal1 = -0.3273845766296568
mean_goal2 = -0.5956043879745583
mean_goal3 = -0.5477106453256892
mean_goal4 = -0.19120391828836508
mean_goal5 = -0.32431535895942903
mean_goal6 = -0.15639145964980225
mean_noplay1 = -0.3233702591124026
mean_noplay2 = -0.5573964178671441
mean_noplay3 = -0.6833192294414835
mean_noplay4 = -0.5165971897925351
mean_noplay5 = -0.48018077829400485
mean_noplay6 = -0.39934557128946246
mean_noplay7 = -0.4302912846552425
mean_noplay8 = -0.534789535445272
mean_aim1 = -0.6154613139065355
mean_aim2 = -0.415996252068222
mean_aim3 = -0.2836678953686166
mean_aim4 = -0.5211595259123789
mean_aim5 = -0.5375609433214225
mean_aim6 = -0.28050944434968983
mean_aim7 = -0.6268927722511561
mean_aim8 = -0.47555369749889503
mean_aim9 = -0.4649356432669529
mean_aim10 = -0.6078032991910522
mean_aim11 = -0.40567629400565497
mean_aim12 = -0.5474584919183493
mean_aim13 = -0.5150639437658211
mean_aim14 = -0.3263561264994628
