seed = 10
n_neurons = 2000

mean_goal1 = -0.48400804959420646
mean_goal2 = -0.7324934570581124
mean_goal3 = -0.762340463861591
mean_goal4 = -0.7374738542216371
mean_goal5 = -0.4160417766650934
mean_goal6 = -0.46927075381137834
mean_noplay1 = -0.5566208833332945
mean_noplay2 = -0.5729873815410015
mean_noplay3 = -0.7017081870337815
mean_noplay4 = -0.6895287390612828
mean_noplay5 = -0.7948095041695037
mean_noplay6 = -0.30830852494078914
mean_noplay7 = -0.09079522350448557
mean_noplay8 = 0.16583883237003746
mean_aim1 = -0.8194752606802843
mean_aim2 = -0.38707122963161394
mean_aim3 = -0.6986550951432955
mean_aim4 = -0.659003129102835
mean_aim5 = -0.5549770390524618
mean_aim6 = -0.47582277797774025
mean_aim7 = -0.678924395665318
mean_aim8 = -0.6459279093034626
mean_aim9 = -0.6569678197796351
mean_aim10 = -0.6657470970189818
mean_aim11 = -0.6675151426936656
mean_aim12 = -0.681551705299855
mean_aim13 = -0.4516667564698399
mean_aim14 = -0.41664113756618415
