seed = 12
n_neurons = 5000

mean_goal1 = -0.3132864257024088
mean_goal2 = -0.19394456263369275
mean_goal3 = -0.4065736367743229
mean_goal4 = -0.39515902815365556
mean_goal5 = -0.22335974663770497
mean_goal6 = -0.19073815350074744
mean_noplay1 = -0.16149575934611562
mean_noplay2 = 0.09902697530577147
mean_noplay3 = -0.22334653984056896
mean_noplay4 = -0.39055279727965825
mean_noplay5 = -0.35364541411154976
mean_noplay6 = -0.12489851749941339
mean_noplay7 = 0.4533270733820777
mean_noplay8 = -0.5319792669234001
mean_aim1 = -0.4462887022178273
mean_aim2 = -0.3461000799269994
mean_aim3 = -0.12577835627252892
mean_aim4 = -0.5455556795210614
mean_aim5 = -0.45175211404824744
mean_aim6 = 0.06597648819633824
mean_aim7 = -0.43150433823727935
mean_aim8 = -0.20678930479936128
mean_aim9 = -0.10634522915568588
mean_aim10 = -0.5520518641760469
mean_aim11 = -0.2803518986968954
mean_aim12 = -0.4595855360058051
mean_aim13 = -0.21239899129986775
mean_aim14 = -0.06146961473042538
