seed = 17
n_neurons = 1000

mean_goal1 = 0.21726345692070212
mean_goal2 = -0.16298111255400607
mean_goal3 = -0.7690546242092857
mean_goal4 = -0.8686692605368637
mean_goal5 = -0.7884767961970881
mean_goal6 = -1.209824514216016
mean_noplay1 = -1.2487484097404087
mean_noplay2 = -0.8742869899038461
mean_noplay3 = -0.44698982100572743
mean_noplay4 = 0.10802145887327089
mean_noplay5 = -0.5854066844973598
mean_noplay6 = -0.9863811808424643
mean_noplay7 = -0.6516509822553679
mean_noplay8 = -0.7097206032835841
mean_aim1 = -0.8225883846791212
mean_aim2 = -0.6597263561902484
mean_aim3 = 0.010158211201761547
mean_aim4 = -0.912934583368271
mean_aim5 = -1.0101755670360173
mean_aim6 = -0.014195640164015366
mean_aim7 = -0.7423959837246134
mean_aim8 = -0.481952436138698
mean_aim9 = -0.32308841873095084
mean_aim10 = -0.8231554523478367
mean_aim11 = -0.20053334939123868
mean_aim12 = -0.8021186699077648
mean_aim13 = -0.32347194571864624
mean_aim14 = -0.09232580864104424
