seed = 8
n_neurons = 1000

mean_goal1 = -0.1677101043163798
mean_goal2 = -0.21799551774147743
mean_goal3 = -0.5803608301840955
mean_goal4 = -0.5032323813389823
mean_goal5 = -0.4317076057575402
mean_goal6 = -0.19122889779145938
mean_noplay1 = -0.1744658839092509
mean_noplay2 = -0.35837155276421834
mean_noplay3 = -0.3500406370296142
mean_noplay4 = 0.12581798384835208
mean_noplay5 = -0.5631286668471802
mean_noplay6 = -0.3270515338857988
mean_noplay7 = 0.08402181394538251
mean_noplay8 = -0.5676351823832413
mean_aim1 = -0.6493199709502805
mean_aim2 = -0.35551133273840163
mean_aim3 = -0.5036979820391216
mean_aim4 = -0.4856303105124164
mean_aim5 = -0.2042632266031093
mean_aim6 = -0.30000074539127985
mean_aim7 = -0.6280852318040537
mean_aim8 = -0.4648903481266041
mean_aim9 = -0.4256025757324578
mean_aim10 = -0.7048252705253208
mean_aim11 = -0.6453709684713917
mean_aim12 = -0.52801195745329
mean_aim13 = -0.5834269860920452
mean_aim14 = -0.3053364993428399
