seed = 14
n_neurons = 5000

mean_goal1 = -0.2314904457484554
mean_goal2 = -0.19166633282451837
mean_goal3 = 0.042008376441221344
mean_goal4 = -0.31737241771007546
mean_goal5 = -0.23789978173557944
mean_goal6 = 0.18590204154539053
mean_noplay1 = 0.10279937930813075
mean_noplay2 = -0.0841397247565918
mean_noplay3 = 0.0023830310652562386
mean_noplay4 = -0.3163927310424571
mean_noplay5 = -0.24032377114017187
mean_noplay6 = -0.18554486666700745
mean_noplay7 = -0.2842541710576316
mean_noplay8 = -0.00861158032834946
mean_aim1 = -0.1753690802809327
mean_aim2 = -0.0752012263648731
mean_aim3 = -0.09873116078440772
mean_aim4 = -0.2603848966866522
mean_aim5 = -0.18681422467086628
mean_aim6 = -0.11140407301220967
mean_aim7 = -0.34491244508550734
mean_aim8 = -0.19728910000363462
mean_aim9 = -0.2580003780106594
mean_aim10 = -0.35754719924418793
mean_aim11 = -0.13942385602704974
mean_aim12 = -0.26253939604958215
mean_aim13 = -0.24479276661044044
mean_aim14 = -0.17432878152649567
