seed = 17
n_neurons = 2000

mean_goal1 = 0.33767222122455837
mean_goal2 = -0.03212003827545764
mean_goal3 = -0.5537218795044971
mean_goal4 = -0.6410308951236668
mean_goal5 = -0.6193442522080372
mean_goal6 = -0.9452910219513173
mean_noplay1 = -0.9651876243937675
mean_noplay2 = -0.6568442095504036
mean_noplay3 = -0.18657266991506705
mean_noplay4 = 0.38872900662369614
mean_noplay5 = -0.4040790031175209
mean_noplay6 = -0.778234573905623
mean_noplay7 = -0.5549644175903677
mean_noplay8 = -0.5433237371175617
mean_aim1 = -0.833221501820326
mean_aim2 = -0.6220362437151656
mean_aim3 = 0.016248501915870964
mean_aim4 = -0.8349717434513966
mean_aim5 = -0.8079614347831569
mean_aim6 = 0.07334878561579057
mean_aim7 = -0.7625281460408324
mean_aim8 = -0.37934270436222783
mean_aim9 = -0.47817220925826276
mean_aim10 = -0.8332284671095371
mean_aim11 = -0.16643482319449066
mean_aim12 = -0.8165638776560631
mean_aim13 = -0.4085774479356901
mean_aim14 = -0.055759094040082044
