seed = 3
n_neurons = 5000

mean_goal1 = -0.2702688616459853
mean_goal2 = -0.8349194091809169
mean_goal3 = -0.4835049441228716
mean_goal4 = -0.06813465589128366
mean_goal5 = -0.33524398934014976
mean_goal6 = -0.03501925011229457
mean_noplay1 = -0.21029264808870574
mean_noplay2 = -0.6492101766530731
mean_noplay3 = -0.8092721487592872
mean_noplay4 = -0.7467224028771873
mean_noplay5 = -0.7452984098797653
mean_noplay6 = -0.3148304253704515
mean_noplay7 = -0.3849139363666323
mean_noplay8 = -0.6665406530674226
mean_aim1 = -0.7147454997520286
mean_aim2 = -0.5005896782554703
mean_aim3 = -0.4037305390676745
mean_aim4 = -0.7631392630801646
mean_aim5 = -0.7949065634967776
mean_aim6 = -0.32733320067706134
mean_aim7 = -0.7063928688479726
mean_aim8 = -0.6152817897426905
mean_aim9 = -0.6214772237009456
mean_aim10 = -0.7479617874426726
mean_aim11 = -0.42533203301284234
mean_aim12 = -0.6497469932044095
mean_aim13 = -0.5498435373472103
mean_aim14 = -0.3383816688947872
