seed = 19
n_neurons = 200

mean_goal1 = -0.4618253252670194
mean_goal2 = -0.5536773381844772
mean_goal3 = -0.3877944702132769
mean_goal4 = 0.023818124745920544
mean_goal5 = -0.441944512577886
mean_goal6 = -0.3621991381909217
mean_noplay1 = -0.08540045349092615
mean_noplay2 = -0.15353990548663216
mean_noplay3 = -0.41391264540666395
mean_noplay4 = -0.018307738586632892
mean_noplay5 = -0.5045687960023085
mean_noplay6 = -0.20674168675659862
mean_noplay7 = -0.34840168650761033
mean_noplay8 = -0.511005154371827
mean_aim1 = -0.42373704755366876
mean_aim2 = -0.2187960117834035
mean_aim3 = -0.23540385886739715
mean_aim4 = -0.5142373511697771
mean_aim5 = -0.4430521636325265
mean_aim6 = -0.1489706669091576
mean_aim7 = -0.5156492524103404
mean_aim8 = -0.22440916308105832
mean_aim9 = -0.27550508608097457
mean_aim10 = -0.4800068308445128
mean_aim11 = -0.4250463610875644
mean_aim12 = -0.414738778763648
mean_aim13 = -0.4224993394687042
mean_aim14 = -0.21556808796245025
