seed = 0
n_neurons = 200

mean_goal1 = -0.5958149435820655
mean_goal2 = -0.5830584471843221
mean_goal3 = -0.36312346204363044
mean_goal4 = -0.40551457466367447
mean_goal5 = -0.6481947355480979
mean_noplay1 = -0.5803333061130297
mean_noplay2 = -0.5643993100133247
mean_noplay3 = -0.5620405614574538
mean_noplay4 = -0.6781980478525117
mean_noplay5 = -0.4588170788511055
mean_noplay6 = -0.48153462803575764
mean_noplay7 = -0.6077150724696874
mean_aim1 = -0.12334484881813536
mean_aim2 = -0.5748894808952499
mean_aim3 = -0.20283028216521487
mean_aim4 = -0.29072809601801747
mean_aim5 = 0.06061014945582199
mean_aim6 = -0.12115806764334705
mean_aim7 = -0.5323546633669411
mean_aim8 = -0.7331106024028824
mean_aim9 = -0.42776461971276725
mean_aim10 = -0.49281438286822393
mean_aim11 = -0.6415977092506974
