seed = 7
n_neurons = 1000

mean_goal1 = 0.12330500827727109
mean_goal2 = -0.492533138124335
mean_goal3 = -0.2838094868348585
mean_goal4 = -0.5727915635243975
mean_goal5 = -0.526228647259321
mean_goal6 = 0.36749873251671944
mean_noplay1 = 0.3531977042567798
mean_noplay2 = -0.0213725726286681
mean_noplay3 = -0.5688917273444045
mean_noplay4 = 0.12030656615566854
mean_noplay5 = 0.35095025803487656
mean_noplay6 = -0.3695321554359919
mean_noplay7 = -0.6173999973626498
mean_noplay8 = -0.9671462180830535
mean_aim1 = -0.8376415728067683
mean_aim2 = -0.7290899375341724
mean_aim3 = -0.5933479052487792
mean_aim4 = -0.8391121689181942
mean_aim5 = -0.8703722225278673
mean_aim6 = -0.3362164663279314
mean_aim7 = -0.8411247461624842
mean_aim8 = -0.5205365321435884
mean_aim9 = -0.6402067696640406
mean_aim10 = -0.9755031731715277
mean_aim11 = -0.6900264710106692
mean_aim12 = -0.9083508489594495
mean_aim13 = -0.6154298476194672
mean_aim14 = -0.3390598610950284
