seed = 2
n_neurons = 500

mean_goal1 = -0.7085326532996001
mean_goal2 = -0.06380478734161936
mean_goal3 = -0.6031415152899349
mean_goal4 = -0.26846515902107687
mean_goal5 = -0.562079261089786
mean_goal6 = -0.11433996323095458
mean_noplay1 = -0.16604550041335206
mean_noplay2 = -0.4368436026510282
mean_noplay3 = -0.22800906125867168
mean_noplay4 = 0.2955567160591165
mean_noplay5 = -0.4252012685565223
mean_noplay6 = -0.8568771922908869
mean_noplay7 = -0.843122603899914
mean_noplay8 = -0.4511756187509176
mean_aim1 = -0.6571643872311275
mean_aim2 = -0.49151473478316393
mean_aim3 = -0.23127931799084941
mean_aim4 = -0.6665175317597415
mean_aim5 = -0.732746409700616
mean_aim6 = -0.06225098630550566
mean_aim7 = -0.5894841516929386
mean_aim8 = -0.3689670072238924
mean_aim9 = -0.28470384192655135
mean_aim10 = -0.757957407531535
mean_aim11 = -0.3678908148901161
mean_aim12 = -0.7270522412854932
mean_aim13 = -0.45412954300693653
mean_aim14 = -0.11353616801158886
