seed = 11
n_neurons = 500

mean_goal1 = -0.2579815414783776
mean_goal2 = -0.7176070336263944
mean_goal3 = -0.6049272098177728
mean_goal4 = -0.7902252747128771
mean_goal5 = 0.15602430498938322
mean_goal6 = -0.8346100886766503
mean_noplay1 = -0.25386328210988385
mean_noplay2 = -0.7014183299570398
mean_noplay3 = -0.7201586701514987
mean_noplay4 = -0.9895232785654813
mean_noplay5 = -0.9478831198170244
mean_noplay6 = -0.6768492062642814
mean_noplay7 = -0.013906252289374584
mean_noplay8 = 0.1802414335230219
mean_aim1 = -0.6589238086580529
mean_aim2 = -0.44390389873377106
mean_aim3 = -0.22013644466917523
mean_aim4 = -0.7007755160061169
mean_aim5 = -0.6442310941320838
mean_aim6 = -0.09663576307401973
mean_aim7 = -0.7264484008967056
mean_aim8 = -0.36232754847013326
mean_aim9 = -0.3488414533248892
mean_aim10 = -0.7624027191440915
mean_aim11 = -0.42828939784144504
mean_aim12 = -0.6618015525127756
mean_aim13 = -0.3805024596033967
mean_aim14 = -0.13944229187441287
