seed = 7
n_neurons = 5000

mean_goal1 = 0.08099134524992872
mean_goal2 = -0.4979257429203565
mean_goal3 = -0.40900323573574326
mean_goal4 = -0.7188624497770394
mean_goal5 = -0.6881108873296229
mean_goal6 = 0.3362230457012809
mean_noplay1 = 0.3433868384604613
mean_noplay2 = -0.06401330298710964
mean_noplay3 = -0.6822263872651871
mean_noplay4 = 0.043863487073324776
mean_noplay5 = 0.15177158959734988
mean_noplay6 = -0.4598905319321859
mean_noplay7 = -0.7430207006089314
mean_noplay8 = -1.0628429847503316
mean_aim1 = -0.8432375021386613
mean_aim2 = -0.6104439732745841
mean_aim3 = -0.5312892920517361
mean_aim4 = -0.9277563700570548
mean_aim5 = -0.8985619974688507
mean_aim6 = -0.23930761453147578
mean_aim7 = -0.8348655140495067
mean_aim8 = -0.5061124378337446
mean_aim9 = -0.6071625953249595
mean_aim10 = -0.8540650737659016
mean_aim11 = -0.6336689328351235
mean_aim12 = -0.8545577359430628
mean_aim13 = -0.5406479717910703
mean_aim14 = -0.2971193702542003
