seed = 19
n_neurons = 500

mean_goal1 = -0.5270921072084129
mean_goal2 = -0.612034478846762
mean_goal3 = -0.44445190307648436
mean_goal4 = 0.04527005818056932
mean_goal5 = -0.4911615400294631
mean_goal6 = -0.30174716596895046
mean_noplay1 = -0.047934582507560546
mean_noplay2 = -0.139384216090259
mean_noplay3 = -0.45905141353951484
mean_noplay4 = 0.012274853181587728
mean_noplay5 = -0.5579575209153658
mean_noplay6 = -0.1761709326768564
mean_noplay7 = -0.3744245892301726
mean_noplay8 = -0.5059413181328074
mean_aim1 = -0.38147777686076995
mean_aim2 = -0.11843474721549364
mean_aim3 = -0.5309339344896842
mean_aim4 = -0.493615318435933
mean_aim5 = -0.3202398866802744
mean_aim6 = -0.24348478562852222
mean_aim7 = -0.39131230024728286
mean_aim8 = -0.20975498858367916
mean_aim9 = -0.34469274690762697
mean_aim10 = -0.4249527435934377
mean_aim11 = -0.5164153406374197
mean_aim12 = -0.33809134309693634
mean_aim13 = -0.4354661893506322
mean_aim14 = -0.2567387918599759
