seed = 16
n_neurons = 500

mean_goal1 = 0.06868575898250885
mean_goal2 = -0.6456516041951664
mean_goal3 = -0.9462198961786094
mean_goal4 = -0.527611052494886
mean_goal5 = -0.30506851359733006
mean_goal6 = -0.9773166762591002
mean_noplay1 = -0.6851535755836329
mean_noplay2 = -0.3665856991667548
mean_noplay3 = -0.5293269463834764
mean_noplay4 = -0.5640112447659219
mean_noplay5 = -0.8724453409074894
mean_noplay6 = -0.6806487272606426
mean_noplay7 = 0.16694258978767304
mean_noplay8 = -0.8709229298053334
mean_aim1 = -0.6010326889216948
mean_aim2 = -0.4622063770706565
mean_aim3 = -0.08220510810974413
mean_aim4 = -0.662594289022178
mean_aim5 = -0.6391308277485462
mean_aim6 = -0.05004005469888657
mean_aim7 = -0.6590347715741682
mean_aim8 = -0.2970884980475147
mean_aim9 = -0.3345366444056886
mean_aim10 = -0.5747018098803297
mean_aim11 = -0.2971240897149714
mean_aim12 = -0.6005492543706035
mean_aim13 = -0.4075975475842186
mean_aim14 = -0.10214293951728982
