seed = 8
n_neurons = 500

mean_goal1 = -0.1902834943716787
mean_goal2 = -0.2467619593563257
mean_goal3 = -0.5684369701221794
mean_goal4 = -0.5109015888503423
mean_goal5 = -0.493583671054811
mean_goal6 = -0.19822358273842824
mean_noplay1 = -0.17622621549422407
mean_noplay2 = -0.3584089468222352
mean_noplay3 = -0.3612467056829459
mean_noplay4 = 0.054630952007673726
mean_noplay5 = -0.585464736164456
mean_noplay6 = -0.3068109853574714
mean_noplay7 = 0.0253328318994882
mean_noplay8 = -0.5526625001686545
mean_aim1 = -0.6018722683005387
mean_aim2 = -0.3690243523924047
mean_aim3 = -0.5095183633318798
mean_aim4 = -0.5055783088030104
mean_aim5 = -0.25124611195322283
mean_aim6 = -0.32032325856409427
mean_aim7 = -0.6060723739715649
mean_aim8 = -0.4456581452131669
mean_aim9 = -0.431099057500302
mean_aim10 = -0.6715826369042749
mean_aim11 = -0.6361283132965403
mean_aim12 = -0.48666692364855224
mean_aim13 = -0.5754630249638635
mean_aim14 = -0.32441751963997195
