seed = 9
n_neurons = 2000

mean_goal1 = 0.18901041665231869
mean_goal2 = -0.37858345045938085
mean_goal3 = 0.39034828022610873
mean_goal4 = -0.45536037782592126
mean_goal5 = -0.3213991862047349
mean_goal6 = -0.6448236476174296
mean_noplay1 = -0.48692007905541707
mean_noplay2 = 0.333383668811837
mean_noplay3 = 0.1744325711826202
mean_noplay4 = 0.18832559919903819
mean_noplay5 = -0.634213697934447
mean_noplay6 = -0.1640939159933998
mean_noplay7 = 0.4235665940241187
mean_noplay8 = -0.17621074786262214
mean_aim1 = -0.7581120944461188
mean_aim2 = -0.5831194246343228
mean_aim3 = -0.17496453473773316
mean_aim4 = -0.8730868658044323
mean_aim5 = -0.9661728966487229
mean_aim6 = -0.018695068969021914
mean_aim7 = -0.7522468665201095
mean_aim8 = -0.4541559190124055
mean_aim9 = -0.39735752371611155
mean_aim10 = -0.8343024640190895
mean_aim11 = -0.32351712279560024
mean_aim12 = -0.7559541796905057
mean_aim13 = -0.3860401424122795
mean_aim14 = -0.056955282834629445
