seed = 0
n_neurons = 2000

mean_goal1 = -0.2746111075846499
mean_goal2 = -0.43686000043493683
mean_goal3 = -0.5131897459262866
mean_goal4 = 0.049577512805480346
mean_goal5 = -0.19454591140636512
mean_goal6 = -0.3949719442384962
mean_noplay1 = -0.3832119558505052
mean_noplay2 = -0.2876998264874238
mean_noplay3 = -0.30279795203896287
mean_noplay4 = -0.272595734643845
mean_noplay5 = -0.4805924195598644
mean_noplay6 = -0.25394932501244843
mean_noplay7 = -0.2200134275140018
mean_noplay8 = -0.21623430017425865
mean_aim1 = -0.34580775174122785
mean_aim2 = -0.31276937424095247
mean_aim3 = -0.19817802840691542
mean_aim4 = -0.4541183313065385
mean_aim5 = -0.4333405367296634
mean_aim6 = -0.02860012038993142
mean_aim7 = -0.4510186135851484
mean_aim8 = -0.1714188072644031
mean_aim9 = -0.4246331622744916
mean_aim10 = -0.3732709962818849
mean_aim11 = -0.21486057381130247
mean_aim12 = -0.37859645378999
mean_aim13 = -0.2632236185334687
mean_aim14 = -0.17102575462023822
