seed = 10
n_neurons = 200

mean_goal1 = -0.37912603400710543
mean_goal2 = -0.7031954034302432
mean_goal3 = -0.8238095308124864
mean_goal4 = -0.6824186888687219
mean_goal5 = -0.39664097024927847
mean_goal6 = -0.37144735622550795
mean_noplay1 = -0.49237209647626823
mean_noplay2 = -0.5644259559497546
mean_noplay3 = -0.6389639677319088
mean_noplay4 = -0.781176753835913
mean_noplay5 = -0.6289403934388451
mean_noplay6 = -0.3073514985134751
mean_noplay7 = -0.20884053387477255
mean_noplay8 = 0.0645593607367887
mean_aim1 = -0.7262315709063404
mean_aim2 = -0.4629280673623551
mean_aim3 = -0.4304857615893373
mean_aim4 = -0.6806842096010892
mean_aim5 = -0.6707348993712361
mean_aim6 = -0.1501035561444452
mean_aim7 = -0.7171110856462296
mean_aim8 = -0.5119074643126764
mean_aim9 = -0.45192823586107456
mean_aim10 = -0.6836237286854137
mean_aim11 = -0.5031579452420317
mean_aim12 = -0.5626583018430302
mean_aim13 = -0.5200712095798189
mean_aim14 = -0.30278930729489045
