seed = 17
n_neurons = 200

mean_goal1 = 0.15798908253313934
mean_goal2 = -0.1577660636717815
mean_goal3 = -0.6803175773644183
mean_goal4 = -0.66472573783379
mean_goal5 = -0.6609681550911733
mean_goal6 = -0.9177382255967984
mean_noplay1 = -0.9565574042395663
mean_noplay2 = -0.6893009392192316
mean_noplay3 = -0.3424199389678597
mean_noplay4 = 0.09984417588852722
mean_noplay5 = -0.522222314285039
mean_noplay6 = -0.8126225928885763
mean_noplay7 = -0.4400975085599991
mean_noplay8 = -0.5645849924931331
mean_aim1 = -0.7770904313188072
mean_aim2 = -0.5910038804794366
mean_aim3 = -0.06601208779244676
mean_aim4 = -0.8976373739048075
mean_aim5 = -0.9851261389343815
mean_aim6 = -0.08508102499858984
mean_aim7 = -0.7713607890222991
mean_aim8 = -0.4654428786684686
mean_aim9 = -0.3869920569131083
mean_aim10 = -0.7909452253866406
mean_aim11 = -0.2360013610378417
mean_aim12 = -0.7649855731867443
mean_aim13 = -0.35958620377383876
mean_aim14 = -0.1372985181613979
