seed = 8
n_neurons = 2000

mean_goal1 = -0.07723374044903678
mean_goal2 = -0.24872038560968474
mean_goal3 = -0.49184012372109537
mean_goal4 = -0.5209010645866645
mean_goal5 = -0.5484355320622664
mean_goal6 = -0.10999859148652784
mean_noplay1 = -0.0840752887440773
mean_noplay2 = -0.368583006377074
mean_noplay3 = -0.5860835363071044
mean_noplay4 = 0.18960400730719504
mean_noplay5 = -0.5312656742429364
mean_noplay6 = -0.19851012341627539
mean_noplay7 = 0.138493889255861
mean_noplay8 = -0.536208116338408
mean_aim1 = -0.5634333340758426
mean_aim2 = -0.35869495293947934
mean_aim3 = -0.32302702750190077
mean_aim4 = -0.5375646487874222
mean_aim5 = -0.4788465645637099
mean_aim6 = -0.23767210009599168
mean_aim7 = -0.5325216258781639
mean_aim8 = -0.44863759804243714
mean_aim9 = -0.32041920910388544
mean_aim10 = -0.665768837770633
mean_aim11 = -0.48675056871396605
mean_aim12 = -0.5475337121039494
mean_aim13 = -0.5176861851097758
mean_aim14 = -0.2279716962265976
