seed = 10
n_neurons = 5000

mean_goal1 = -0.5902056495458389
mean_goal2 = -0.9503413631329115
mean_goal3 = -1.2493920990571685
mean_goal4 = -0.981098421345879
mean_goal5 = -0.4832254888185663
mean_goal6 = -0.28413354502658095
mean_noplay1 = -0.48782198280947153
mean_noplay2 = -0.7002222126758753
mean_noplay3 = -0.8940392081701063
mean_noplay4 = -1.0313368494142192
mean_noplay5 = -1.1272035064665733
mean_noplay6 = -0.3406558502057708
mean_noplay7 = -0.07006702623337285
mean_noplay8 = 0.11802595844943072
mean_aim1 = -0.8022381875478438
mean_aim2 = -0.44860853746033963
mean_aim3 = -0.6520819678036873
mean_aim4 = -0.7902289687833836
mean_aim5 = -0.6616825740439672
mean_aim6 = -0.08059190268553515
mean_aim7 = -0.7541364576029409
mean_aim8 = -0.5414077580676904
mean_aim9 = -0.5244459506211286
mean_aim10 = -0.7523667141110528
mean_aim11 = -0.5655297298508021
mean_aim12 = -0.5499289859693042
mean_aim13 = -0.6038409084902294
mean_aim14 = -0.2105665103155516
