seed = 16
n_neurons = 5000

mean_goal1 = 0.15100111930842727
mean_goal2 = -0.7381627483683978
mean_goal3 = -1.2292435592003546
mean_goal4 = -0.7583872398112917
mean_goal5 = -0.17008778343267833
mean_goal6 = -1.3051277965554964
mean_noplay1 = -0.8235705116467361
mean_noplay2 = -0.5107201855874033
mean_noplay3 = -0.591472762439139
mean_noplay4 = -0.6919497759300924
mean_noplay5 = -1.0270708257248364
mean_noplay6 = -0.7040485988214292
mean_noplay7 = 0.2834601109061668
mean_noplay8 = -1.117519473528144
mean_aim1 = -1.1055330949409923
mean_aim2 = -0.9027055066028036
mean_aim3 = -0.5692485015238637
mean_aim4 = -1.0574291794430943
mean_aim5 = -1.1659819394612259
mean_aim6 = -0.5108803847644195
mean_aim7 = -1.1291571494067953
mean_aim8 = -0.9543857120972343
mean_aim9 = -0.6877115611223628
mean_aim10 = -1.185738045441079
mean_aim11 = -0.757245271112811
mean_aim12 = -1.0122045177178323
mean_aim13 = -0.8653483678979215
mean_aim14 = -0.49149195401375656
