seed = 0
n_neurons = 1000

mean_goal1 = -0.44363202394129275
mean_goal2 = -0.4040798015942074
mean_goal3 = -0.36920896476272175
mean_goal4 = 0.013471018606839387
mean_goal5 = -0.3639770411404781
mean_goal6 = -0.3831934984499521
mean_noplay1 = -0.3751744072418798
mean_noplay2 = -0.33875781577348224
mean_noplay3 = -0.36667848151309573
mean_noplay4 = -0.3785069694137085
mean_noplay5 = -0.3762009416417897
mean_noplay6 = -0.2860856296334949
mean_noplay7 = -0.24989290760197744
mean_noplay8 = -0.25450864990015165
mean_aim1 = -0.5807341422057843
mean_aim2 = -0.5271718699992752
mean_aim3 = -0.17263547598910103
mean_aim4 = -0.4648565678975963
mean_aim5 = -0.6410978912885713
mean_aim6 = 0.03750996805550396
mean_aim7 = -0.34239272632000917
mean_aim8 = -0.24341787444811078
mean_aim9 = -0.20068577157792192
mean_aim10 = -0.520379578426218
mean_aim11 = -0.2813821385082204
mean_aim12 = -0.6535656586484931
mean_aim13 = -0.34558652201667334
mean_aim14 = 0.016850670704852144
