seed = 19
n_neurons = 2000

mean_goal1 = -0.39855045826116864
mean_goal2 = -0.40222814616452884
mean_goal3 = -0.27859191097093317
mean_goal4 = 0.19074475133127777
mean_goal5 = -0.3754412805456461
mean_goal6 = -0.20346905696524528
mean_noplay1 = 0.019906789719083103
mean_noplay2 = 0.0024189236923013906
mean_noplay3 = -0.3858124793026617
mean_noplay4 = 0.0919009601737497
mean_noplay5 = -0.3653122521485546
mean_noplay6 = 0.02112372708844095
mean_noplay7 = -0.21199280867333678
mean_noplay8 = -0.37916227424908344
mean_aim1 = -0.33304074045158677
mean_aim2 = -0.05243465177105087
mean_aim3 = -0.5545537531262857
mean_aim4 = -0.34794353267175654
mean_aim5 = -0.2134256410994334
mean_aim6 = -0.1867450911058385
mean_aim7 = -0.4057087503488282
mean_aim8 = -0.20999620768643015
mean_aim9 = -0.4053600568780668
mean_aim10 = -0.4141127088468008
mean_aim11 = -0.5045229588002413
mean_aim12 = -0.32219021556314276
mean_aim13 = -0.3801089323476156
mean_aim14 = -0.256205245124118
