seed = 15
n_neurons = 500

mean_goal1 = -0.0657657183981919
mean_goal2 = 0.2527357549993358
mean_goal3 = 0.03901947370127839
mean_goal4 = -0.5731211445385452
mean_goal5 = -0.7184646887707011
mean_goal6 = -0.5756251249830904
mean_noplay1 = -0.45343268458747243
mean_noplay2 = -0.7975958449982663
mean_noplay3 = -0.6341318200986
mean_noplay4 = -0.6350321268765093
mean_noplay5 = -0.39262548146403975
mean_noplay6 = 0.2468006367125025
mean_noplay7 = 0.13779982924644663
mean_noplay8 = 0.0634456326533277
mean_aim1 = -0.5206777016179954
mean_aim2 = -0.3862612087075227
mean_aim3 = -0.3845023186858524
mean_aim4 = -0.5088722472814199
mean_aim5 = -0.5243734838522922
mean_aim6 = -0.20324895847034896
mean_aim7 = -0.537730120207345
mean_aim8 = -0.35040338008419236
mean_aim9 = -0.39803211801358784
mean_aim10 = -0.616921938864495
mean_aim11 = -0.5364862930798371
mean_aim12 = -0.6139853579490637
mean_aim13 = -0.5206598953070111
mean_aim14 = -0.19070458254369907
