seed = 18
n_neurons = 1000

mean_goal1 = -0.45366236720774433
mean_goal2 = -0.08660007037581063
mean_goal3 = 0.1759188725002576
mean_goal4 = -0.5504989506394629
mean_goal5 = -0.14215126758519958
mean_goal6 = 0.1820277913324893
mean_noplay1 = 0.059038760940114066
mean_noplay2 = -0.32359408348524793
mean_noplay3 = -0.42813910494975743
mean_noplay4 = -0.4754014985260652
mean_noplay5 = -0.6304130974145423
mean_noplay6 = 0.04865801156086764
mean_noplay7 = -0.1685182682004347
mean_noplay8 = -0.3946558941855433
mean_aim1 = -0.522149142902376
mean_aim2 = -0.2301244017462793
mean_aim3 = -0.41008010054158706
mean_aim4 = -0.5414721750557872
mean_aim5 = -0.3832616689920361
mean_aim6 = -0.18389838787251236
mean_aim7 = -0.6701409561922046
mean_aim8 = -0.2725783945748444
mean_aim9 = -0.5053976061247938
mean_aim10 = -0.5667943662430798
mean_aim11 = -0.5320779549536883
mean_aim12 = -0.5101202727502668
mean_aim13 = -0.4335108477023359
mean_aim14 = -0.22445171551684026
