seed = 0
n_neurons = 500

mean_goal1 = -0.48244984036743793
mean_goal2 = -0.5086473806370093
mean_goal3 = -0.41054430002208425
mean_goal4 = 0.008171049010899647
mean_goal5 = -0.4138915296184851
mean_goal6 = -0.44188159290161083
mean_noplay1 = -0.436467728937904
mean_noplay2 = -0.4357058374183739
mean_noplay3 = -0.5158134930834223
mean_noplay4 = -0.5191637633154342
mean_noplay5 = -0.45688342039025054
mean_noplay6 = -0.29440472331640344
mean_noplay7 = -0.3308431473150157
mean_noplay8 = -0.33367548857873286
mean_aim1 = -0.5549532521585118
mean_aim2 = -0.4624243492381006
mean_aim3 = -0.19687046897313434
mean_aim4 = -0.4777833406111218
mean_aim5 = -0.4949960609578753
mean_aim6 = 0.03142362024505613
mean_aim7 = -0.4615222629886458
mean_aim8 = -0.24097993487608305
mean_aim9 = -0.27172288278476764
mean_aim10 = -0.580422127426287
mean_aim11 = -0.3182206365654032
mean_aim12 = -0.5947863197659818
mean_aim13 = -0.3253324075937054
mean_aim14 = 0.014128228152220892
