seed = 11
n_neurons = 2000

train_goal1 = -0.28922740851181017
train_goal2 = -0.03551336801046877
train_goal3 = 0.09625386044123603
train_goal4 = 0.29649254341107517
train_goal5 = -0.6962561591847746
train_goal6 = -0.3935518848588752
train_goal7 = -0.19980614121844442
train_goal8 = -0.15545310048027233
train_goal9 = 0.09050843468911164
train_goal10 = -0.05019681519645072
train_goal11 = -0.5732286270537054
train_goal12 = -0.10317786920928773
train_goal13 = -0.011090415538467695
train_goal14 = -0.2703965897825152
train_goal15 = -0.6191832301596106
train_noplay1 = -0.5778234471147211
train_noplay2 = -0.5059670881480073
train_noplay3 = -0.27446088193036905
train_noplay4 = -0.23495618633707413
train_noplay5 = -0.00041455924937694027
train_noplay6 = -0.5408446197358707
train_noplay7 = 0.030321233496217063
train_noplay8 = -0.3533536931182767
train_noplay9 = -0.9547628155766836
train_noplay10 = -0.26108770688635013
train_noplay11 = 0.29514843679093133
train_noplay12 = 0.021402897020132657
train_noplay13 = -0.2486810207467875
train_noplay14 = 0.20827744799646628
train_noplay15 = 0.08032907978610554
train_noplay16 = -0.01028043372226854
train_noplay17 = -0.33003890123359486
train_noplay18 = -1.0018726649504277
train_noplay19 = -0.2991576208284491
train_noplay20 = -0.2781799165143582
train_noplay21 = -0.666873086753742
train_noplay22 = -0.12055927953680115
mean_goal1 = -0.10682353591116946
mean_goal2 = -0.5878168484404009
mean_goal3 = -0.4994555568722175
mean_goal4 = -0.6960990474564076
mean_goal5 = 0.44169551744177793
mean_goal6 = -0.7386214463918576
mean_noplay1 = -0.08938460895526831
mean_noplay2 = -0.7867879994681866
mean_noplay3 = -0.6722088637139806
mean_noplay4 = -0.770421623290448
mean_noplay5 = -0.7418017130877977
mean_noplay6 = -0.5313038182548693
mean_noplay7 = 0.17354952532015513
mean_noplay8 = 0.45871937201779617
mean_aim1 = -0.4427448363143429
mean_aim2 = -0.32842025426002674
mean_aim3 = -0.08256753590145431
mean_aim4 = -0.5048080861326244
mean_aim5 = -0.46278538542466846
mean_aim6 = 0.08683448996964885
mean_aim7 = -0.44663973521054423
mean_aim8 = -0.2884605348811881
mean_aim9 = -0.1549783077652285
mean_aim10 = -0.5907731946678325
mean_aim11 = -0.305046357428748
mean_aim12 = -0.5358401269860069
mean_aim13 = -0.289804605974316
mean_aim14 = 0.05018029091930895
