seed = 4
n_neurons = 2000

train_goal1 = -0.68250421634051
train_goal2 = -1.0279377641569216
train_goal3 = -0.5721428562075517
train_goal4 = -0.0431620714087106
train_goal5 = -0.3198369008547449
train_goal6 = -0.8117185664308999
train_goal7 = -0.7332429595849799
train_goal8 = -0.3382397118281483
train_goal9 = 0.028969594577666857
train_goal10 = -0.23293544424673704
train_goal11 = -0.5242145880397167
train_goal12 = -0.30665019602577326
train_goal13 = -0.4990627263407052
train_goal14 = -0.9282728673800282
train_goal15 = -0.7147280062487553
train_noplay1 = -0.2093073726601089
train_noplay2 = 0.17987547853817404
train_noplay3 = -0.5333693696561487
train_noplay4 = -0.941505258051186
train_noplay5 = -0.42288840532102284
train_noplay6 = -0.9118608757281255
train_noplay7 = -0.8699236627950612
train_noplay8 = -0.8771134897973222
train_noplay9 = -0.8120075257075947
train_noplay10 = -0.13604390626732768
train_noplay11 = 0.3037124946947711
train_noplay12 = -0.3184208431751568
train_noplay13 = -0.756602245838212
train_noplay14 = -0.5341645119082263
train_noplay15 = -0.6657780124093262
train_noplay16 = -1.0815226286571527
train_noplay17 = -1.0728500635325195
train_noplay18 = -0.4183121078189582
train_noplay19 = -0.04271400444209138
train_noplay20 = -0.23374951226759147
train_noplay21 = -0.5480619952029001
train_noplay22 = -0.23532308425331921
mean_goal1 = -0.3840755745160432
mean_goal2 = -0.06198928261934233
mean_goal3 = -0.5268327899513853
mean_goal4 = 0.1740428416571698
mean_goal5 = -0.41022757277420696
mean_goal6 = 0.054072697438995114
mean_noplay1 = -0.131407753500702
mean_noplay2 = 0.0568451409080973
mean_noplay3 = -0.3990357064457331
mean_noplay4 = -0.5542618054380042
mean_noplay5 = -0.6094627244859255
mean_noplay6 = -0.5953949116741836
mean_noplay7 = -0.7342385952700186
mean_noplay8 = -0.4637550636095444
mean_aim1 = -0.6416776147238926
mean_aim2 = -0.4065872959517407
mean_aim3 = -0.16497587518604048
mean_aim4 = -0.7116471408964843
mean_aim5 = -0.7313428914021667
mean_aim6 = 0.021981395142407035
mean_aim7 = -0.6577611179660282
mean_aim8 = -0.2575526811546193
mean_aim9 = -0.42566372877295694
mean_aim10 = -0.6822995196025934
mean_aim11 = -0.3613359058016723
mean_aim12 = -0.6379859864857579
mean_aim13 = -0.3692839963662336
mean_aim14 = -0.013449180909798925
