seed = 10
n_neurons = 2000

train_goal1 = -0.20507822953732882
train_goal2 = -0.2855770879057084
train_goal3 = -0.25565409096891956
train_goal4 = 0.05084799869389521
train_goal5 = 0.06306632508658978
train_goal6 = 0.06766717750974242
train_goal7 = -0.5210790940001065
train_goal8 = -1.13783950311398
train_goal9 = -0.8304592121437964
train_goal10 = -0.6243694713329412
train_goal11 = -0.6697566299547221
train_goal12 = -0.7862357174361128
train_goal13 = -0.7281750409791061
train_goal14 = -0.792389502053748
train_goal15 = -0.5223478620459802
train_noplay1 = -0.603541873785225
train_noplay2 = -1.4530398605911725
train_noplay3 = -0.9446533457306164
train_noplay4 = -0.702026217930858
train_noplay5 = -0.7832674269758816
train_noplay6 = -0.42479373655232755
train_noplay7 = -0.4736574739210813
train_noplay8 = -0.5601506707042979
train_noplay9 = -0.901263680770091
train_noplay10 = -0.8190444507384939
train_noplay11 = -0.23359669393663252
train_noplay12 = -0.04897415945332647
train_noplay13 = 0.5864112730748698
train_noplay14 = 0.3216256350515609
train_noplay15 = -0.2722815835213343
train_noplay16 = -1.0235270234897482
train_noplay17 = -1.1711684983663506
train_noplay18 = -0.9797659084453013
train_noplay19 = -0.7558106705654221
train_noplay20 = -0.5944198261303107
train_noplay21 = -0.36713275218837443
train_noplay22 = 0.26386345305918013
mean_goal1 = -0.48400804959420646
mean_goal2 = -0.7324934570581123
mean_goal3 = -0.7623404638615908
mean_goal4 = -0.7374738542216372
mean_goal5 = -0.4160417766650934
mean_goal6 = -0.4692707538113782
mean_noplay1 = -0.5566208833332946
mean_noplay2 = -0.5729873815410015
mean_noplay3 = -0.7017081870337815
mean_noplay4 = -0.6895287390612828
mean_noplay5 = -0.7948095041695038
mean_noplay6 = -0.3083085249407892
mean_noplay7 = -0.09079522350448553
mean_noplay8 = 0.1658388323700375
mean_aim1 = -0.8194752606802843
mean_aim2 = -0.38707122963161394
mean_aim3 = -0.6986550951432955
mean_aim4 = -0.659003129102835
mean_aim5 = -0.5549770390524618
mean_aim6 = -0.47582277797774025
mean_aim7 = -0.678924395665318
mean_aim8 = -0.6459279093034626
mean_aim9 = -0.6569678197796351
mean_aim10 = -0.6657470970189818
mean_aim11 = -0.6675151426936656
mean_aim12 = -0.681551705299855
mean_aim13 = -0.4516667564698399
mean_aim14 = -0.41664113756618415
