seed = 5
n_neurons = 2000

train_goal1 = -0.4468963857034879
train_goal2 = -0.3645921439181531
train_goal3 = -0.18018549174949106
train_goal4 = -0.2748130977822227
train_goal5 = -0.41203479356748873
train_goal6 = -0.7622178090465719
train_goal7 = -0.7294138268959982
train_goal8 = -0.22589525410634334
train_goal9 = -0.04022946067273905
train_goal10 = 0.2878706819624586
train_goal11 = 0.11590923241077578
train_goal12 = 0.4447364062852353
train_goal13 = 0.7561660989746662
train_goal14 = 0.648283546793209
train_goal15 = -0.15461020061936892
train_noplay1 = -0.24275013525695416
train_noplay2 = -0.2076023301492237
train_noplay3 = -0.3018917223179914
train_noplay4 = 0.2531720398936655
train_noplay5 = 0.46758183408026266
train_noplay6 = 0.18964048373179165
train_noplay7 = -0.6710476715117526
train_noplay8 = -0.3081792703483743
train_noplay9 = -0.04442064001107325
train_noplay10 = -0.5087123938212955
train_noplay11 = -0.5749667889133708
train_noplay12 = -0.5180182833025666
train_noplay13 = -0.12613690363849828
train_noplay14 = -0.40979913889525343
train_noplay15 = -0.5756487363129636
train_noplay16 = -0.5158812384177485
train_noplay17 = -0.45638835534137495
train_noplay18 = -0.44933143746867726
train_noplay19 = -0.10823279967222797
train_noplay20 = 0.11810830884703026
train_noplay21 = 0.12297248875872581
train_noplay22 = 0.3611810735146885
mean_goal1 = -0.5313117549326677
mean_goal2 = -0.5560179704346067
mean_goal3 = -0.5585858528950648
mean_goal4 = -0.5126961478083661
mean_goal5 = -0.07633704633639107
mean_goal6 = -0.15904363711235622
mean_noplay1 = 0.20192218528412792
mean_noplay2 = 0.42367165749636587
mean_noplay3 = -0.06131759597879412
mean_noplay4 = -0.09022444740887246
mean_noplay5 = -0.030653618084117523
mean_noplay6 = -0.6027374387424587
mean_noplay7 = -0.029179153025095876
mean_noplay8 = -0.570948497216449
mean_aim1 = -0.5776164459844886
mean_aim2 = -0.4395419417897123
mean_aim3 = -0.30559014160783443
mean_aim4 = -0.6342894423339802
mean_aim5 = -0.6684941444644048
mean_aim6 = -0.04479945816544286
mean_aim7 = -0.5408784614890637
mean_aim8 = -0.3074059913543204
mean_aim9 = -0.3674538371959743
mean_aim10 = -0.6197729802925732
mean_aim11 = -0.33265261709189337
mean_aim12 = -0.5603884090158692
mean_aim13 = -0.34904913573162444
mean_aim14 = -0.09565475735635366
