seed = 2
n_neurons = 2000

train_goal1 = -0.19501564032813534
train_goal2 = -0.7266422267634236
train_goal3 = -0.4779226986381022
train_goal4 = 0.022917347769925007
train_goal5 = -0.5259529181871975
train_goal6 = -0.8937875056375397
train_goal7 = -0.8356362009886659
train_goal8 = -0.8734223687520634
train_goal9 = -0.7918500779531782
train_goal10 = 0.08022747887572097
train_goal11 = 0.0497933992047349
train_goal12 = -0.7746125755964683
train_goal13 = -0.44455059480126774
train_goal14 = -0.3050417656290919
train_goal15 = -0.7563677967096728
train_noplay1 = 0.1331637732893312
train_noplay2 = -0.5469393146393364
train_noplay3 = -0.41258227516735463
train_noplay4 = -0.34307902737248686
train_noplay5 = -0.37301005154028344
train_noplay6 = -0.31532131878866937
train_noplay7 = -0.12996008371875062
train_noplay8 = 0.08047706622688075
train_noplay9 = -0.4142444531915945
train_noplay10 = -0.5707674264130129
train_noplay11 = -0.4382872517225609
train_noplay12 = -1.004899585573162
train_noplay13 = -0.6418107897470667
train_noplay14 = -0.47115376916159957
train_noplay15 = -0.6189996393937844
train_noplay16 = -0.8284237515794125
train_noplay17 = -0.020824280334025447
train_noplay18 = 0.12626704974753564
train_noplay19 = -0.700430418943942
train_noplay20 = -0.6235339253979141
train_noplay21 = -0.8005977414641335
train_noplay22 = -0.9104252095441406
mean_goal1 = -0.8014260463362618
mean_goal2 = 0.005300412377326767
mean_goal3 = -0.664265680724886
mean_goal4 = -0.31021011316577213
mean_goal5 = -0.6515540534277564
mean_goal6 = -0.007062841904886816
mean_noplay1 = -0.09243485090649513
mean_noplay2 = -0.452726688762729
mean_noplay3 = -0.2651064324520944
mean_noplay4 = 0.45853925616218827
mean_noplay5 = -0.4714925257781281
mean_noplay6 = -1.0521825056031298
mean_noplay7 = -0.9907446948965576
mean_noplay8 = -0.5458712083947448
mean_aim1 = -0.8120025869793965
mean_aim2 = -0.5899639087674168
mean_aim3 = -0.3405593754497563
mean_aim4 = -1.020342693265257
mean_aim5 = -1.0261062043342835
mean_aim6 = -0.1368080920063984
mean_aim7 = -0.8545273802639116
mean_aim8 = -0.518921914511242
mean_aim9 = -0.5503304062407189
mean_aim10 = -0.8524412146935982
mean_aim11 = -0.4113810061651565
mean_aim12 = -0.9933913414703345
mean_aim13 = -0.5225956817592555
mean_aim14 = -0.21072788893477526
