seed = 14
n_neurons = 2000

train_goal1 = -0.08604121234992351
train_goal2 = -0.2642070628356079
train_goal3 = -0.6448648427665559
train_goal4 = -0.5035876069546191
train_goal5 = -0.2655325344206236
train_goal6 = -0.18437585954599242
train_goal7 = -0.4148677313872173
train_goal8 = -0.5389265369071189
train_goal9 = -0.43142380758692117
train_goal10 = -0.5485163398261811
train_goal11 = -0.19339183965653806
train_goal12 = 0.003878526008758331
train_goal13 = -0.1898458365496522
train_goal14 = -0.40002967831318764
train_goal15 = -0.2841186121259496
train_noplay1 = -0.1382405592888526
train_noplay2 = -0.40137893405808367
train_noplay3 = -0.7128388181768527
train_noplay4 = -0.34858434340687244
train_noplay5 = -0.06873609241937315
train_noplay6 = -0.27353274802731486
train_noplay7 = -0.31778926360101256
train_noplay8 = -0.4944764107441987
train_noplay9 = -0.42338842882364375
train_noplay10 = -0.29304983937655493
train_noplay11 = -0.307258843140145
train_noplay12 = -0.17879647296897855
train_noplay13 = -0.15075091843996616
train_noplay14 = -0.18746107896684958
train_noplay15 = -0.3126740500119485
train_noplay16 = -0.015132262979296806
train_noplay17 = -0.23658014921333984
train_noplay18 = -0.580494185707573
train_noplay19 = -0.4762209162820374
train_noplay20 = -0.0036313338029814266
train_noplay21 = -0.47645607875471685
train_noplay22 = -0.29820766160839657
mean_goal1 = -0.2632542545383222
mean_goal2 = -0.24679095849364682
mean_goal3 = 0.015681264593108722
mean_goal4 = -0.3202502852176852
mean_goal5 = -0.19126179256637485
mean_goal6 = 0.12826129839162848
mean_noplay1 = 0.08375653844783378
mean_noplay2 = -0.10506506398618741
mean_noplay3 = -0.12122755988574575
mean_noplay4 = -0.3343577386176914
mean_noplay5 = -0.2956750284386867
mean_noplay6 = -0.22726149064724102
mean_noplay7 = -0.2481020968287898
mean_noplay8 = -0.05622323466186735
mean_aim1 = -0.2483214774989424
mean_aim2 = -0.10925167433134238
mean_aim3 = -0.12311658632155706
mean_aim4 = -0.28229695105643726
mean_aim5 = -0.35706911192480745
mean_aim6 = -0.04470174562165251
mean_aim7 = -0.36332320731727386
mean_aim8 = -0.16380702400167071
mean_aim9 = -0.2707301482831783
mean_aim10 = -0.3343799100227208
mean_aim11 = -0.1819364802111589
mean_aim12 = -0.30113417751048877
mean_aim13 = -0.2258614427416512
mean_aim14 = -0.15159687258381746
