seed = 3
n_neurons = 2000

train_goal1 = -0.25220205123336
train_goal2 = -0.5913820994998903
train_goal3 = -0.27410912026373735
train_goal4 = -0.2821218248917034
train_goal5 = -0.4983967359296632
train_goal6 = -0.14481923811353264
train_goal7 = -0.33733200280578685
train_goal8 = -0.3699418796860145
train_goal9 = -0.13915651458585024
train_goal10 = -0.5379675836619684
train_goal11 = -0.40790114370764446
train_goal12 = -0.5495005407393214
train_goal13 = -0.531325204795784
train_goal14 = -0.4763436666503381
train_goal15 = -0.36291596606646553
train_noplay1 = -0.4775775700782797
train_noplay2 = -0.6248773904288476
train_noplay3 = -0.4287842846845962
train_noplay4 = -0.2020413141897907
train_noplay5 = -0.5042017369924475
train_noplay6 = -0.8385434779898683
train_noplay7 = -0.8288837024876197
train_noplay8 = -0.32804808615326525
train_noplay9 = -0.31421725829780167
train_noplay10 = -0.22099130215516843
train_noplay11 = -0.22644152121198224
train_noplay12 = -0.4969077969228223
train_noplay13 = -0.20951217306167907
train_noplay14 = -0.48540783219391004
train_noplay15 = -0.43975828862862204
train_noplay16 = -0.1875135714576386
train_noplay17 = -0.2963054226403203
train_noplay18 = -0.34426415414182404
train_noplay19 = -0.6717409752384216
train_noplay20 = -0.6177142928101601
train_noplay21 = -0.2967685880110349
train_noplay22 = -0.28850550063433106
mean_goal1 = -0.23369878715494255
mean_goal2 = -0.6387928449390688
mean_goal3 = -0.448874103382432
mean_goal4 = -0.09867755751535646
mean_goal5 = -0.4053698769030853
mean_goal6 = -0.1825824563838255
mean_noplay1 = -0.22281584121560197
mean_noplay2 = -0.5695881743002729
mean_noplay3 = -0.590332656063414
mean_noplay4 = -0.618343480858675
mean_noplay5 = -0.6579374201397714
mean_noplay6 = -0.26495158388903406
mean_noplay7 = -0.3539384798479002
mean_noplay8 = -0.599879129825664
mean_aim1 = -0.6400826828538071
mean_aim2 = -0.4849477079478442
mean_aim3 = -0.3167562287029133
mean_aim4 = -0.6369332812456197
mean_aim5 = -0.7061019468199673
mean_aim6 = -0.26968234150610304
mean_aim7 = -0.6163271116460135
mean_aim8 = -0.5447407483564711
mean_aim9 = -0.476741980138836
mean_aim10 = -0.6143414738109533
mean_aim11 = -0.349417072792497
mean_aim12 = -0.5892363103271068
mean_aim13 = -0.5029023288157153
mean_aim14 = -0.2945366704837739
