seed = 18
n_neurons = 2000

train_goal1 = -0.323376792509488
train_goal2 = -0.44677093427800435
train_goal3 = -0.6274341431961583
train_goal4 = -0.7118078868045344
train_goal5 = -0.6587884493521677
train_goal6 = -0.637238528981139
train_goal7 = -0.41020779038089916
train_goal8 = -0.7098480395743823
train_goal9 = -0.6946719695425162
train_goal10 = -0.4557930949189668
train_goal11 = -0.7069439183094556
train_goal12 = -0.9714181498766561
train_goal13 = -0.7277707542372488
train_goal14 = -0.48969937801093294
train_goal15 = -0.48132639704454444
train_noplay1 = -0.7748142727547332
train_noplay2 = -0.45677425186387377
train_noplay3 = -0.027673853459613106
train_noplay4 = -0.7529784914240316
train_noplay5 = -0.760978519732953
train_noplay6 = -0.6140076543603903
train_noplay7 = -0.5809537462673354
train_noplay8 = -0.3479409426683812
train_noplay9 = -0.6338774524455518
train_noplay10 = -0.7660970185959594
train_noplay11 = -0.5051553275190706
train_noplay12 = -0.4718267518594843
train_noplay13 = -0.7523880886402854
train_noplay14 = -0.6505607218676489
train_noplay15 = 0.030618626166358964
train_noplay16 = 0.13555167340514201
train_noplay17 = -0.599288126871174
train_noplay18 = -0.9882859411043702
train_noplay19 = -0.3957613332893326
train_noplay20 = -0.3589575787715526
train_noplay21 = -0.8020108356141059
train_noplay22 = -0.9344636847472437
mean_goal1 = -0.5434522453178464
mean_goal2 = -0.052656824969706396
mean_goal3 = 0.25865993187213104
mean_goal4 = -0.48637311157411717
mean_goal5 = -0.007189671058505245
mean_goal6 = 0.34655679414307644
mean_noplay1 = 0.12662942171440184
mean_noplay2 = -0.290782476672675
mean_noplay3 = -0.15017355129043009
mean_noplay4 = -0.4078259310148134
mean_noplay5 = -0.25573871301370094
mean_noplay6 = 0.1716969013507955
mean_noplay7 = -0.19277375622984713
mean_noplay8 = -0.24199984111693057
mean_aim1 = -0.40605112759628376
mean_aim2 = -0.263172862311222
mean_aim3 = -0.4707838852491191
mean_aim4 = -0.610923863182884
mean_aim5 = -0.7305678940627945
mean_aim6 = -0.22587742777527747
mean_aim7 = -0.6060441051026983
mean_aim8 = -0.2905876654579373
mean_aim9 = -0.5171042387917735
mean_aim10 = -0.5125274299224656
mean_aim11 = -0.5544338871163247
mean_aim12 = -0.507139636032025
mean_aim13 = -0.42758496777817523
mean_aim14 = -0.24177140211472425
