seed = 1
n_neurons = 2000

train_goal1 = -0.32987533077140385
train_goal2 = -0.1523560628001733
train_goal3 = -0.052437522651144
train_goal4 = -0.37258356044111945
train_goal5 = -0.1709707614255056
train_goal6 = -0.4445327272279467
train_goal7 = -0.3829439144930205
train_goal8 = -0.41445853563750257
train_goal9 = -0.3101233683280359
train_goal10 = -0.4614093805132019
train_goal11 = -0.17669710088373342
train_goal12 = -0.0456548330985045
train_goal13 = -0.4169603608250579
train_goal14 = -0.207084334731316
train_goal15 = -0.30417150097684087
train_noplay1 = -0.6649294909444344
train_noplay2 = -0.48579579639821907
train_noplay3 = -0.06603621320665656
train_noplay4 = -0.270880207630432
train_noplay5 = -0.15453251650240338
train_noplay6 = -0.42102379107236404
train_noplay7 = -0.04763380358671186
train_noplay8 = -0.16151262018612716
train_noplay9 = -0.1501173931612699
train_noplay10 = -0.21280952395994868
train_noplay11 = -0.37911078920660585
train_noplay12 = -0.13369607087260965
train_noplay13 = -0.4534488879290537
train_noplay14 = -0.2691767852840705
train_noplay15 = -0.42797580215939446
train_noplay16 = -0.213985508461115
train_noplay17 = -0.28635432980880643
train_noplay18 = -0.14531465840374722
train_noplay19 = -0.44028360132403666
train_noplay20 = -0.41711922809748214
train_noplay21 = -0.5096822043342469
train_noplay22 = -0.23229799745387425
mean_goal1 = -0.26854573470539905
mean_goal2 = 0.14165798491560805
mean_goal3 = 0.3404212173772097
mean_goal4 = -0.2382389152738941
mean_goal5 = -0.32520441892660273
mean_goal6 = -0.26305697478661577
mean_noplay1 = -0.33948427104135903
mean_noplay2 = -0.01743957553983248
mean_noplay3 = -0.2632797689873479
mean_noplay4 = -0.21317828880144005
mean_noplay5 = -0.19778871731345893
mean_noplay6 = 0.04946831902253202
mean_noplay7 = 0.04816627235599307
mean_noplay8 = -0.3602187984131587
mean_aim1 = -0.34184902394406474
mean_aim2 = -0.3326554296094047
mean_aim3 = -0.26552409616123573
mean_aim4 = -0.3724319786403445
mean_aim5 = -0.38016914301327714
mean_aim6 = -0.06696457046098869
mean_aim7 = -0.3551363874276299
mean_aim8 = -0.17976695291005443
mean_aim9 = -0.33488742666645743
mean_aim10 = -0.4205319164609642
mean_aim11 = -0.34959857073192585
mean_aim12 = -0.38105118555715023
mean_aim13 = -0.2511862990540333
mean_aim14 = -0.11496701445776292
