seed = 15
n_neurons = 2000

train_goal1 = -0.7057003356952944
train_goal2 = -0.5003480591188874
train_goal3 = -0.4716173747879083
train_goal4 = -0.6284570004416611
train_goal5 = -0.5606468335112397
train_goal6 = -0.842699590471464
train_goal7 = -0.6930936943052416
train_goal8 = -0.1954124413255817
train_goal9 = 0.2688184019013184
train_goal10 = -0.2376416543992088
train_goal11 = -0.3445244778624285
train_goal12 = -0.6229608019757683
train_goal13 = -0.600036592543824
train_goal14 = -0.5059694081125078
train_goal15 = -0.4128260093378065
train_noplay1 = -0.6088974417654704
train_noplay2 = -0.4297742719063073
train_noplay3 = -0.10605051626574755
train_noplay4 = -0.4955087086233697
train_noplay5 = -0.5717728861055629
train_noplay6 = -0.6697434646814573
train_noplay7 = -0.3815327869417261
train_noplay8 = -0.07310076176272823
train_noplay9 = -0.2964602326604602
train_noplay10 = -0.8000242251656707
train_noplay11 = -0.7655985696271341
train_noplay12 = -0.7841488263006564
train_noplay13 = -0.14430597572922646
train_noplay14 = -0.40541833683274187
train_noplay15 = -0.5976180557617287
train_noplay16 = -0.6258769453790339
train_noplay17 = -0.6798513248576042
train_noplay18 = -0.49857289184339754
train_noplay19 = -0.27443536462766827
train_noplay20 = -0.7053027900830486
train_noplay21 = -0.4471743884189123
train_noplay22 = -0.5154343198124719
mean_goal1 = -0.06340497141821742
mean_goal2 = 0.22430387487290404
mean_goal3 = 0.06339936009633339
mean_goal4 = -0.5960803985928441
mean_goal5 = -0.7950784302579037
mean_goal6 = -0.9291752656238269
mean_noplay1 = -0.5798159084099485
mean_noplay2 = -1.0126615382572859
mean_noplay3 = -0.6525032882234207
mean_noplay4 = -0.8063344136450676
mean_noplay5 = -0.3840032045790247
mean_noplay6 = 0.17601652665750844
mean_noplay7 = 0.1107600312328145
mean_noplay8 = 0.09369715704541523
mean_aim1 = -0.5352701949646933
mean_aim2 = -0.4436653971786087
mean_aim3 = -0.4350147542258554
mean_aim4 = -0.6303645808032623
mean_aim5 = -0.4627420287576167
mean_aim6 = -0.17044433116983657
mean_aim7 = -0.6468468042716917
mean_aim8 = -0.43910266560498734
mean_aim9 = -0.3895160617834727
mean_aim10 = -0.7530369421972424
mean_aim11 = -0.5349362617993849
mean_aim12 = -0.6425866211423333
mean_aim13 = -0.46623732520239564
mean_aim14 = -0.13692848120624904
