seed = 19
n_neurons = 2000

train_goal1 = -0.15556806571753073
train_goal2 = -0.3334776117183929
train_goal3 = -0.3258632263772349
train_goal4 = -0.4451717621400435
train_goal5 = -0.3427399770617301
train_goal6 = -0.34040540279105025
train_goal7 = -0.1970933132660657
train_goal8 = -0.34298069346850235
train_goal9 = -0.8693776526272027
train_goal10 = -0.6966654137257214
train_goal11 = -0.3458233602614117
train_goal12 = -0.4353565224100922
train_goal13 = -0.3121471870204717
train_goal14 = -0.33624063760449996
train_goal15 = -0.14951965158920183
train_noplay1 = 0.09265910303442973
train_noplay2 = -0.429687393308305
train_noplay3 = -0.4584236501629076
train_noplay4 = -0.5321970955328871
train_noplay5 = -0.11582394100991833
train_noplay6 = -0.2129240560784567
train_noplay7 = -0.053698508628016166
train_noplay8 = -0.25945160573422604
train_noplay9 = 0.06652149927532311
train_noplay10 = -0.06486668984963216
train_noplay11 = -0.21589789197266232
train_noplay12 = -0.16656816993415646
train_noplay13 = -0.15390252080756384
train_noplay14 = 0.04822037169866395
train_noplay15 = -0.19041891230919167
train_noplay16 = -0.8011851282904103
train_noplay17 = -0.5143158804499565
train_noplay18 = -0.35886696513188504
train_noplay19 = -0.1802351111534357
train_noplay20 = -0.18044987504472246
train_noplay21 = -0.27645241745376925
train_noplay22 = -0.4212538479836625
mean_goal1 = -0.39855045826116864
mean_goal2 = -0.40222814616452884
mean_goal3 = -0.27859191097093317
mean_goal4 = 0.19074475133127777
mean_goal5 = -0.3754412805456461
mean_goal6 = -0.20346905696524523
mean_noplay1 = 0.0199067897190831
mean_noplay2 = 0.002418923692301403
mean_noplay3 = -0.38581247930266177
mean_noplay4 = 0.09190096017374969
mean_noplay5 = -0.3653122521485546
mean_noplay6 = 0.021123727088440986
mean_noplay7 = -0.21199280867333672
mean_noplay8 = -0.37916227424908344
mean_aim1 = -0.33304074045158677
mean_aim2 = -0.05243465177105086
mean_aim3 = -0.5545537531262855
mean_aim4 = -0.34794353267175654
mean_aim5 = -0.2134256410994334
mean_aim6 = -0.18674509110583856
mean_aim7 = -0.40570875034882814
mean_aim8 = -0.20999620768643013
mean_aim9 = -0.40536005687806675
mean_aim10 = -0.4141127088468006
mean_aim11 = -0.5045229588002413
mean_aim12 = -0.32219021556314276
mean_aim13 = -0.38010893234761567
mean_aim14 = -0.256205245124118
