seed = 16
n_neurons = 2000

train_goal1 = -0.779238926296626
train_goal2 = -0.7785927622533536
train_goal3 = -0.7544942035474423
train_goal4 = -0.45444372583288795
train_goal5 = 0.07876734433371829
train_goal6 = -0.4314248709540175
train_goal7 = -0.9117488351366762
train_goal8 = -0.9446087692715857
train_goal9 = -0.39927620942421993
train_goal10 = 0.10524962712256203
train_goal11 = -0.45948549899551927
train_goal12 = -0.12497587304444635
train_goal13 = 0.04704119307113362
train_goal14 = -0.14588238652790847
train_goal15 = -0.664076497608517
train_noplay1 = -0.6661874794222892
train_noplay2 = -0.1791653409867358
train_noplay3 = -0.23982515039740784
train_noplay4 = -0.34419544454877354
train_noplay5 = -0.07477245371352202
train_noplay6 = -0.5378082041569562
train_noplay7 = 0.05317615188169157
train_noplay8 = -0.30980641995579256
train_noplay9 = -0.8992424720962922
train_noplay10 = -0.9506826854039201
train_noplay11 = -0.5318445647069048
train_noplay12 = -0.33256484511379364
train_noplay13 = -0.671387869596213
train_noplay14 = -0.8246940910081667
train_noplay15 = -0.791688534475478
train_noplay16 = -0.6287620808684304
train_noplay17 = -0.5119371676283654
train_noplay18 = -0.8950001169243664
train_noplay19 = -0.3980497247422677
train_noplay20 = 0.013334276447612238
train_noplay21 = -0.6493402264333307
train_noplay22 = -0.6881282710608964
mean_goal1 = 0.0077099488202293865
mean_goal2 = -0.6851488850532164
mean_goal3 = -1.023596686068552
mean_goal4 = -0.6339738921064666
mean_goal5 = -0.30276399418152283
mean_goal6 = -1.0841321059376408
mean_noplay1 = -0.8622492857322904
mean_noplay2 = -0.45205706063400813
mean_noplay3 = -0.636592882733541
mean_noplay4 = -0.8663564495681004
mean_noplay5 = -1.0291477003837306
mean_noplay6 = -0.7553323792813205
mean_noplay7 = 0.12840545995794367
mean_noplay8 = -0.9331140959002702
mean_aim1 = -0.7536216347252064
mean_aim2 = -0.602338094927071
mean_aim3 = -0.37191826010335816
mean_aim4 = -0.924673645320042
mean_aim5 = -1.008957285739288
mean_aim6 = -0.3637770076408928
mean_aim7 = -0.8374519072281679
mean_aim8 = -0.5906478981734224
mean_aim9 = -0.5925755871668555
mean_aim10 = -0.8210811731160838
mean_aim11 = -0.58648053142437
mean_aim12 = -0.8108711561680454
mean_aim13 = -0.6197702709680482
mean_aim14 = -0.39165416404206743
