seed = 13
n_neurons = 2000

train_goal1 = -0.22466514801960866
train_goal2 = -0.11899305027868395
train_goal3 = -0.34786509350300904
train_goal4 = -0.1455574832893236
train_goal5 = -0.1094060831613005
train_goal6 = -0.014935442449483197
train_goal7 = -0.1479199552237451
train_goal8 = -0.17952192731051422
train_goal9 = -0.13642673310078604
train_goal10 = -0.19921285696729402
train_goal11 = -0.2981175137813459
train_goal12 = -0.033516087727019944
train_goal13 = -0.20157630591483688
train_goal14 = -0.04669224608901808
train_goal15 = 0.08259504849108477
train_noplay1 = -0.24375456443722665
train_noplay2 = -0.029807316373270182
train_noplay3 = -0.02221362748431842
train_noplay4 = -0.14823674998537142
train_noplay5 = -0.4124432298208191
train_noplay6 = -0.17844793086372926
train_noplay7 = -0.26272017789771124
train_noplay8 = -0.23156420941356895
train_noplay9 = -0.25530936004424143
train_noplay10 = -0.04237413572671622
train_noplay11 = 0.09474226836299085
train_noplay12 = 0.04596749603376306
train_noplay13 = -0.24842647679228844
train_noplay14 = -0.18257088905635127
train_noplay15 = -0.05629619513450619
train_noplay16 = -0.1931083922666472
train_noplay17 = -0.08742042965646526
train_noplay18 = 0.15617755754758497
train_noplay19 = -0.028889609797833348
train_noplay20 = 0.09778719662505603
train_noplay21 = 0.07983746104117243
train_noplay22 = 0.10763027934582063
mean_goal1 = 0.09420289245346251
mean_goal2 = -0.2520305621260615
mean_goal3 = 0.18063522562540238
mean_goal4 = 0.17721848190640888
mean_goal5 = -0.2786784614461387
mean_goal6 = -0.135429578088259
mean_noplay1 = -0.33639842196997555
mean_noplay2 = -0.0316846645514228
mean_noplay3 = -0.05894310743928572
mean_noplay4 = -0.13687641709103676
mean_noplay5 = -0.4077098332090819
mean_noplay6 = -0.11075358976884028
mean_noplay7 = -0.1823774375894606
mean_noplay8 = -0.038936265573409276
mean_aim1 = -0.28543228448329633
mean_aim2 = -0.1015210711362869
mean_aim3 = -0.12160080075088761
mean_aim4 = -0.21371570257933648
mean_aim5 = -0.3476480206163381
mean_aim6 = 0.011397336141323306
mean_aim7 = -0.20958325509581957
mean_aim8 = -0.12597898857874892
mean_aim9 = -0.10963575170990782
mean_aim10 = -0.29468422776035785
mean_aim11 = -0.1662287262872072
mean_aim12 = -0.31825794713362016
mean_aim13 = -0.20886442689323345
mean_aim14 = 0.016412410690142286
