seed = 17
n_neurons = 2000

train_goal1 = 0.29640936895929393
train_goal2 = 0.27753264443754505
train_goal3 = -0.6580463501413294
train_goal4 = -0.6318124128007104
train_goal5 = -0.2466607306182246
train_goal6 = -0.06553076424598644
train_goal7 = -0.5137605446098701
train_goal8 = -0.6014267967201377
train_goal9 = -0.26533083742126945
train_goal10 = -0.2870589075032897
train_goal11 = 0.4500109326317166
train_goal12 = 0.5799772409890899
train_goal13 = 0.29108527701208237
train_goal14 = 0.602460898590654
train_goal15 = -0.233447378580008
train_noplay1 = -0.6465299604307165
train_noplay2 = -0.48219090042427193
train_noplay3 = 0.065337756900669
train_noplay4 = 0.6175056393805344
train_noplay5 = 0.010078372274369696
train_noplay6 = 0.3280982595569891
train_noplay7 = -0.22295619102174866
train_noplay8 = -0.15525232999475433
train_noplay9 = -0.8925272033980786
train_noplay10 = -0.7116937904227563
train_noplay11 = -0.5858964510253909
train_noplay12 = -0.6102654008307962
train_noplay13 = -0.4456136169529305
train_noplay14 = 0.21840792396519842
train_noplay15 = 0.19695995112267484
train_noplay16 = -0.21995731855668008
train_noplay17 = -0.6530979513942243
train_noplay18 = -0.5683803736204415
train_noplay19 = -0.37877815884948757
train_noplay20 = -0.39274432253424274
train_noplay21 = -0.4053690472147494
train_noplay22 = 0.31999016745641745
mean_goal1 = 0.33767222126870117
mean_goal2 = -0.03212003827847923
mean_goal3 = -0.5537218796154532
mean_goal4 = -0.6410308951394244
mean_goal5 = -0.6193442522933825
mean_goal6 = -0.9452910219937719
mean_noplay1 = -0.9651876244712566
mean_noplay2 = -0.6568442096158768
mean_noplay3 = -0.18657266994324181
mean_noplay4 = 0.38872900663182525
mean_noplay5 = -0.40407900317292744
mean_noplay6 = -0.778234574013529
mean_noplay7 = -0.5549644177581491
mean_noplay8 = -0.5433237371904556
mean_aim1 = -0.833221501820326
mean_aim2 = -0.6220362437151656
mean_aim3 = 0.01624850191587093
mean_aim4 = -0.8349717434513966
mean_aim5 = -0.8079614347831569
mean_aim6 = 0.07334878561579056
mean_aim7 = -0.7625281460408324
mean_aim8 = -0.3793427043622277
mean_aim9 = -0.47817220925826276
mean_aim10 = -0.8332284671095369
mean_aim11 = -0.16643482319449066
mean_aim12 = -0.8165638776560629
mean_aim13 = -0.4085774479356903
mean_aim14 = -0.05575909404008208
