seed = 7
n_neurons = 2000

train_goal1 = -0.14463283400694918
train_goal2 = -0.21049085036402138
train_goal3 = -0.5847849586945456
train_goal4 = -1.1324026911125562
train_goal5 = -1.0176042360249111
train_goal6 = -0.7543510134509135
train_goal7 = -0.9188500983552704
train_goal8 = -0.6868876023405289
train_goal9 = -0.05472306684411215
train_goal10 = -0.15542766723780668
train_goal11 = -0.11480801401890443
train_goal12 = -0.3648914579385413
train_goal13 = -0.4935223983469433
train_goal14 = -0.8315608187352828
train_goal15 = -0.6813271331380927
train_noplay1 = -0.6349708827483125
train_noplay2 = -0.41132878903456993
train_noplay3 = -0.5900076764781085
train_noplay4 = -0.8773596723940659
train_noplay5 = -0.9013595596768571
train_noplay6 = -0.4864889151080529
train_noplay7 = -0.16754177125167893
train_noplay8 = -0.3041355719295062
train_noplay9 = -0.48204104357189415
train_noplay10 = -0.29792098560952185
train_noplay11 = -0.5751309610756637
train_noplay12 = 0.02857529408320126
train_noplay13 = -0.1824858432801458
train_noplay14 = -0.6730712930869733
train_noplay15 = -1.0641692756483858
train_noplay16 = -0.7191085792839431
train_noplay17 = -0.4781468877413036
train_noplay18 = -1.1175724727070304
train_noplay19 = -1.0326951723005848
train_noplay20 = -0.9405996912506064
train_noplay21 = -0.49743771099645717
train_noplay22 = -0.7809285522085098
mean_goal1 = 0.2190238060015769
mean_goal2 = -0.4380382787845988
mean_goal3 = -0.3296797580129224
mean_goal4 = -0.676918126091099
mean_goal5 = -0.5437466263236403
mean_goal6 = 0.4743842070777424
mean_noplay1 = 0.4288941799973561
mean_noplay2 = -0.022721034917767266
mean_noplay3 = -0.628066399881738
mean_noplay4 = 0.08596867929333951
mean_noplay5 = 0.40242440359365556
mean_noplay6 = -0.3956753435089624
mean_noplay7 = -0.6965936909525173
mean_noplay8 = -0.9238706280829205
mean_aim1 = -0.8035586473420006
mean_aim2 = -0.558278316098284
mean_aim3 = -0.5126010976761488
mean_aim4 = -0.9019200021982946
mean_aim5 = -0.9064979324149444
mean_aim6 = -0.20455965568887835
mean_aim7 = -0.8424700124409924
mean_aim8 = -0.4667184959048055
mean_aim9 = -0.5420265017994252
mean_aim10 = -0.8602932430345926
mean_aim11 = -0.6049731780528121
mean_aim12 = -0.843279192870382
mean_aim13 = -0.5201665641918466
mean_aim14 = -0.24464692004481434
