seed = 8
n_neurons = 2000

train_goal1 = -0.723218898629135
train_goal2 = -0.4909420042797889
train_goal3 = -0.5565695403845059
train_goal4 = -0.2559226406085824
train_goal5 = 0.1319809541404219
train_goal6 = -0.20601781939221703
train_goal7 = -0.45195796430533863
train_goal8 = -0.30864180744036884
train_goal9 = -0.2961854201815935
train_goal10 = -0.41430711489470773
train_goal11 = -0.2641226235305074
train_goal12 = 0.3756080579266851
train_goal13 = 0.5058091856417403
train_goal14 = 0.07193453215636574
train_goal15 = -0.23571874832804576
train_noplay1 = -0.1610767067561316
train_noplay2 = 0.10589495159747588
train_noplay3 = -0.2845125674102697
train_noplay4 = -0.8071216335347339
train_noplay5 = -0.28441481990798206
train_noplay6 = -0.37693971478232
train_noplay7 = -0.898343746330393
train_noplay8 = -0.8584237250467537
train_noplay9 = -0.6406658980488076
train_noplay10 = -0.5942669446206506
train_noplay11 = -0.3537894233186993
train_noplay12 = -0.5781656586974767
train_noplay13 = -0.2545687234535474
train_noplay14 = -0.16369389693073796
train_noplay15 = -0.5724153371401969
train_noplay16 = -0.8735584560669959
train_noplay17 = -0.5343777901347976
train_noplay18 = -0.15886412305436465
train_noplay19 = -0.031775552185624965
train_noplay20 = -0.5024588781890243
train_noplay21 = -0.4809084769737816
train_noplay22 = -0.4050830431857751
mean_goal1 = -0.07723374044903678
mean_goal2 = -0.24872038560968474
mean_goal3 = -0.49184012372109537
mean_goal4 = -0.5209010645866645
mean_goal5 = -0.5484355320622664
mean_goal6 = -0.10999859148652784
mean_noplay1 = -0.0840752887440773
mean_noplay2 = -0.368583006377074
mean_noplay3 = -0.5860835363071044
mean_noplay4 = 0.18960400730719504
mean_noplay5 = -0.5312656742429364
mean_noplay6 = -0.19851012341627539
mean_noplay7 = 0.138493889255861
mean_noplay8 = -0.536208116338408
mean_aim1 = -0.5634333340758426
mean_aim2 = -0.3586949529394793
mean_aim3 = -0.32302702750190065
mean_aim4 = -0.5375646487874222
mean_aim5 = -0.4788465645637099
mean_aim6 = -0.23767210009599166
mean_aim7 = -0.532521625878164
mean_aim8 = -0.44863759804243725
mean_aim9 = -0.32041920910388544
mean_aim10 = -0.6657688377706328
mean_aim11 = -0.48675056871396605
mean_aim12 = -0.5475337121039495
mean_aim13 = -0.5176861851097758
mean_aim14 = -0.2279716962265976
