seed = 9
n_neurons = 2000

train_goal1 = -0.3790751908226929
train_goal2 = -0.6538636716606782
train_goal3 = -0.6357501743194109
train_goal4 = -0.26765230301159076
train_goal5 = -0.4035160763230799
train_goal6 = -0.7281002513289108
train_goal7 = -0.7623543675136331
train_goal8 = -0.5365327675156383
train_goal9 = -0.5446755082882427
train_goal10 = 0.019770146431776138
train_goal11 = 0.24889303727513754
train_goal12 = 0.21320901452544533
train_goal13 = -0.2466396128563406
train_goal14 = -0.5385389450879624
train_goal15 = -0.5297375856114351
train_noplay1 = -0.5577837854383803
train_noplay2 = -0.5323028389935077
train_noplay3 = -0.6616511954964771
train_noplay4 = -0.3313046660844875
train_noplay5 = -0.5588610157438354
train_noplay6 = -0.37557034734281225
train_noplay7 = -0.9935829471535668
train_noplay8 = -0.5764647850057977
train_noplay9 = -0.7591232348752602
train_noplay10 = -0.4528614810499711
train_noplay11 = 0.08044508241437696
train_noplay12 = -0.42228529201171194
train_noplay13 = -0.5302723156793051
train_noplay14 = -0.49650853253507865
train_noplay15 = -0.7294535520126751
train_noplay16 = -0.41448969197498337
train_noplay17 = -0.37891937497131
train_noplay18 = -0.6374086200491675
train_noplay19 = -0.45292526027172586
train_noplay20 = -0.33376358695767483
train_noplay21 = -0.4634275691980791
train_noplay22 = -0.7031004652671573
mean_goal1 = 0.18901041665231857
mean_goal2 = -0.37858345045938085
mean_goal3 = 0.39034828022610885
mean_goal4 = -0.45536037782592126
mean_goal5 = -0.3213991862047349
mean_goal6 = -0.6448236476174296
mean_noplay1 = -0.4869200790554172
mean_noplay2 = 0.33338366881183706
mean_noplay3 = 0.1744325711826202
mean_noplay4 = 0.18832559919903816
mean_noplay5 = -0.634213697934447
mean_noplay6 = -0.1640939159933998
mean_noplay7 = 0.42356659402411884
mean_noplay8 = -0.17621074786262214
mean_aim1 = -0.7581120944461188
mean_aim2 = -0.5831194246343228
mean_aim3 = -0.17496453473773316
mean_aim4 = -0.8730868658044323
mean_aim5 = -0.9661728966487229
mean_aim6 = -0.018695068969021914
mean_aim7 = -0.7522468665201095
mean_aim8 = -0.4541559190124055
mean_aim9 = -0.39735752371611155
mean_aim10 = -0.8343024640190895
mean_aim11 = -0.32351712279560024
mean_aim12 = -0.7559541796905057
mean_aim13 = -0.3860401424122795
mean_aim14 = -0.056955282834629445
