seed = 6
n_neurons = 2000

train_goal1 = -0.41817716558116996
train_goal2 = -0.44896527362364963
train_goal3 = -0.4240317044808772
train_goal4 = -0.14602033213820656
train_goal5 = -0.09804226879798461
train_goal6 = -0.28897244120867116
train_goal7 = -0.1401431486988635
train_goal8 = -0.48224174231273587
train_goal9 = -0.34807525112126836
train_goal10 = -0.4974296871652841
train_goal11 = -0.28150503644054903
train_goal12 = -0.18305018212196705
train_goal13 = -0.2346615657726848
train_goal14 = -0.19597827400883222
train_goal15 = -0.4211430163657373
train_noplay1 = -0.36119480557228073
train_noplay2 = -0.39600827219129137
train_noplay3 = -0.26387968962899694
train_noplay4 = -0.4747861644422465
train_noplay5 = -0.6406300363803975
train_noplay6 = -0.5171913557318925
train_noplay7 = -0.04049525241207658
train_noplay8 = -0.25889105311535854
train_noplay9 = -0.13306590856504097
train_noplay10 = 0.3423455712501926
train_noplay11 = -0.17434112944225674
train_noplay12 = -0.42806686655762705
train_noplay13 = -0.20796604220162462
train_noplay14 = -0.11866191505647018
train_noplay15 = -0.2259298521360645
train_noplay16 = -0.335437886628231
train_noplay17 = -0.4541173483138455
train_noplay18 = 0.04607389429176371
train_noplay19 = -0.11798643880201529
train_noplay20 = 0.10142267535249547
train_noplay21 = 0.07748533926262055
train_noplay22 = -0.39318408647126424
mean_goal1 = -0.4522289508053957
mean_goal2 = -0.13948205919201442
mean_goal3 = 0.19161721126449954
mean_goal4 = -0.06737936980174414
mean_goal5 = -0.4809744359531658
mean_goal6 = -0.3372204942978185
mean_noplay1 = -0.3666067275188496
mean_noplay2 = -0.2961228423818922
mean_noplay3 = -0.39674210852839964
mean_noplay4 = -0.35399814864028584
mean_noplay5 = -0.28590220858392473
mean_noplay6 = -0.4155445044062622
mean_noplay7 = -0.2322775894113263
mean_noplay8 = -0.37936446857641026
mean_aim1 = -0.4294252813123796
mean_aim2 = -0.33083355261547187
mean_aim3 = -0.3060317467175122
mean_aim4 = -0.3854399047869064
mean_aim5 = -0.44097350237636274
mean_aim6 = -0.208586213232457
mean_aim7 = -0.363400496546354
mean_aim8 = -0.2892690667766682
mean_aim9 = -0.24332553847211744
mean_aim10 = -0.4593061376589863
mean_aim11 = -0.37364699866825346
mean_aim12 = -0.4912797993867291
mean_aim13 = -0.34793462117695134
mean_aim14 = -0.18163186200160597
