seed = 0
n_neurons = 2000

train_goal1 = 0.051678317056781976
train_goal2 = 0.08463553044161268
train_goal3 = 0.4061127991637318
train_goal4 = -0.2781977753948071
train_goal5 = -0.5947648994759936
train_goal6 = -0.28994533472612105
train_goal7 = -0.40464522654388446
train_goal8 = -0.4895445759135097
train_goal9 = -0.08068989109928139
train_goal10 = -0.039763272897199504
train_goal11 = 0.04999782907750743
train_goal12 = 0.40489808989408943
train_goal13 = -0.1965095702088836
train_goal14 = -0.3468787007110462
train_goal15 = -0.2632092947428564
train_noplay1 = -0.1801504420706524
train_noplay2 = -0.20610652778715885
train_noplay3 = -0.4925731116127905
train_noplay4 = -0.13395500881044245
train_noplay5 = -0.5174056835910269
train_noplay6 = 0.1915390310243661
train_noplay7 = 0.5102347449045803
train_noplay8 = 0.3401972741515402
train_noplay9 = -0.05444856724097555
train_noplay10 = -0.4445774992165705
train_noplay11 = -0.5179070360695247
train_noplay12 = -0.639295470446681
train_noplay13 = 0.07588794524709805
train_noplay14 = 0.10340754345245814
train_noplay15 = -0.1747784475279408
train_noplay16 = -0.1064048964638064
train_noplay17 = 0.23200753736462193
train_noplay18 = 0.0666465830924772
train_noplay19 = 0.3990532030564178
train_noplay20 = -0.1651525604195585
train_noplay21 = -0.12842530432960556
train_noplay22 = 0.17119979674837366
mean_goal1 = -0.2746111075846499
mean_goal2 = -0.43686000043493683
mean_goal3 = -0.5131897459262866
mean_goal4 = 0.049577512805480346
mean_goal5 = -0.19454591140636512
mean_goal6 = -0.3949719442384962
mean_noplay1 = -0.3832119558505052
mean_noplay2 = -0.2876998264874238
mean_noplay3 = -0.30279795203896287
mean_noplay4 = -0.272595734643845
mean_noplay5 = -0.4805924195598644
mean_noplay6 = -0.25394932501244843
mean_noplay7 = -0.2200134275140018
mean_noplay8 = -0.21623430017425865
mean_aim1 = -0.34580775174122785
mean_aim2 = -0.31276937424095247
mean_aim3 = -0.19817802840691542
mean_aim4 = -0.4541183313065385
mean_aim5 = -0.4333405367296634
mean_aim6 = -0.02860012038993142
mean_aim7 = -0.4510186135851484
mean_aim8 = -0.1714188072644031
mean_aim9 = -0.4246331622744916
mean_aim10 = -0.3732709962818849
mean_aim11 = -0.21486057381130247
mean_aim12 = -0.37859645378999
mean_aim13 = -0.2632236185334687
mean_aim14 = -0.17102575462023822
