seed = 12
n_neurons = 2000

train_goal1 = -0.19524966383715195
train_goal2 = -0.6192768552024606
train_goal3 = -0.7147140426665558
train_goal4 = -0.3587951374641832
train_goal5 = -0.19762896481802136
train_goal6 = 0.38479581195071705
train_goal7 = -0.14386808702192957
train_goal8 = -0.32869440024049884
train_goal9 = 0.08184787718383431
train_goal10 = -0.17986297837347254
train_goal11 = 0.038270559593150136
train_goal12 = -0.09849015464148682
train_goal13 = 0.3353032097148565
train_goal14 = 0.5508962754540734
train_goal15 = 0.20338305938853268
train_noplay1 = -0.3006020552770347
train_noplay2 = 0.03240757945557927
train_noplay3 = 0.1684115958045407
train_noplay4 = -0.18145502697565666
train_noplay5 = 0.054783882037997014
train_noplay6 = -0.06224254821864473
train_noplay7 = 0.23390600901146452
train_noplay8 = 0.22895638235368035
train_noplay9 = 0.22034550875846834
train_noplay10 = -0.27761404172976645
train_noplay11 = -0.2303579739413178
train_noplay12 = 0.11826308915224942
train_noplay13 = -0.05733089574387206
train_noplay14 = 0.22112464658093323
train_noplay15 = 0.2851837492734539
train_noplay16 = 0.7929515239999738
train_noplay17 = 0.759732258652679
train_noplay18 = -0.18013330656010543
train_noplay19 = -0.334068131569193
train_noplay20 = -0.29464704460320185
train_noplay21 = -0.2834873022882423
train_noplay22 = -0.2592274500920024
mean_goal1 = -0.3884490787547032
mean_goal2 = -0.2753035062457946
mean_goal3 = -0.46166992668080714
mean_goal4 = -0.536249243887112
mean_goal5 = -0.22740943698263094
mean_goal6 = -0.2774561252115781
mean_noplay1 = -0.31824475275974395
mean_noplay2 = -0.01316491068832863
mean_noplay3 = -0.28967619531594596
mean_noplay4 = -0.5008360678147158
mean_noplay5 = -0.46975790958810965
mean_noplay6 = -0.1953303532446471
mean_noplay7 = 0.30985771268459633
mean_noplay8 = -0.5854242725813661
mean_aim1 = -0.21858063248207876
mean_aim2 = -0.3250236309592339
mean_aim3 = 0.050708817599255045
mean_aim4 = -0.4758315591408154
mean_aim5 = -0.49915465741459797
mean_aim6 = -0.07935276524899244
mean_aim7 = -0.44924628234806824
mean_aim8 = -0.21131150248204686
mean_aim9 = -0.128346669519869
mean_aim10 = -0.4374563817826774
mean_aim11 = -0.2921267542959689
mean_aim12 = -0.4926870314359184
mean_aim13 = -0.24038924801517358
mean_aim14 = -0.14801721584695135
