seed = 14
n_neurons = 500

mean_goal1 = -0.3203719766553811
mean_goal2 = -0.8601648712614028
mean_goal3 = -0.5274348216564558
mean_goal4 = 0.09682809674849023
mean_goal5 = -0.21121104287922488
mean_noplay1 = -0.46073497587820444
mean_noplay2 = 0.0965881039565643
mean_noplay3 = 0.05529939187416161
mean_noplay4 = -0.014111039140442634
mean_noplay5 = -0.2224266657143593
mean_noplay6 = -1.1859765503532822
mean_noplay7 = -0.6302920950881798
mean_aim1 = -0.047140424226918894
mean_aim2 = -0.6979503167261638
mean_aim3 = -0.13997486845402946
mean_aim4 = -0.21083830818739197
mean_aim5 = 0.02671384845147829
mean_aim6 = -0.037553640861224404
mean_aim7 = -0.685619788226995
mean_aim8 = -0.8407019156074373
mean_aim9 = -0.42644073523871134
mean_aim10 = -0.43315482162004826
mean_aim11 = -0.8662356186163636
