seed = 14
n_neurons = 5000

mean_goal1 = -0.49480922397866695
mean_goal2 = -0.9280289338187337
mean_goal3 = -0.6503389096906655
mean_goal4 = 0.035485849326089815
mean_goal5 = -0.30896832391306744
mean_noplay1 = -0.6118560525126432
mean_noplay2 = 0.048058102446532885
mean_noplay3 = -0.09887550994313378
mean_noplay4 = -0.28848680431987594
mean_noplay5 = -0.4073690680826208
mean_noplay6 = -1.2922460348134404
mean_noplay7 = -0.6842617488154821
mean_aim1 = -0.1363808654613683
mean_aim2 = -1.0454621037461125
mean_aim3 = -0.2906406883759569
mean_aim4 = -0.4199558599409811
mean_aim5 = -0.02450935496990036
mean_aim6 = -0.21167750980490171
mean_aim7 = -0.8453070736247047
mean_aim8 = -0.9825443731624609
mean_aim9 = -0.7024625716948274
mean_aim10 = -0.6070658598231314
mean_aim11 = -1.0227383675720636
