seed = 6
n_neurons = 200

mean_goal1 = -0.28809483214170806
mean_goal2 = -0.13351413715544933
mean_goal3 = -0.2380868496831034
mean_goal4 = -0.04072096662984973
mean_goal5 = -0.46234630163824797
mean_noplay1 = -0.3770637285937864
mean_noplay2 = -0.6989443276287137
mean_noplay3 = -0.7255935307271223
mean_noplay4 = -0.4541034343432085
mean_noplay5 = -0.1366611420725316
mean_noplay6 = -0.38806806244333414
mean_noplay7 = -0.349945345336497
mean_aim1 = -0.21959495844154317
mean_aim2 = -0.29675206233351126
mean_aim3 = -0.28688942555529945
mean_aim4 = -0.3447443149269385
mean_aim5 = -0.17114383701263108
mean_aim6 = -0.2831913766864777
mean_aim7 = -0.43600352428626193
mean_aim8 = -0.48217939331761106
mean_aim9 = -0.3281656389912968
mean_aim10 = -0.3457796013484895
mean_aim11 = -0.5101277565457055
