seed = 17
n_neurons = 5000

mean_goal1 = -0.8320684504502748
mean_goal2 = -0.9890241160045186
mean_goal3 = -1.4463326106273906
mean_goal4 = -1.5062585673576314
mean_goal5 = -1.7016231238872763
mean_noplay1 = -0.895295292214288
mean_noplay2 = -1.5017563647985883
mean_noplay3 = -1.661082287137749
mean_noplay4 = -1.210390530745375
mean_noplay5 = -0.9166163112282313
mean_noplay6 = -0.5762033538105674
mean_noplay7 = -1.3339931507132714
mean_aim1 = -0.19818517788572043
mean_aim2 = -1.1772435705023743
mean_aim3 = -0.19437759237537905
mean_aim4 = -0.588134260553574
mean_aim5 = 0.1041661699200922
mean_aim6 = -0.3574374553468168
mean_aim7 = -0.9891894225495917
mean_aim8 = -1.280205279355049
mean_aim9 = -0.7502482037742375
mean_aim10 = -0.7352104305903314
mean_aim11 = -1.338601297546985
