seed = 10
n_neurons = 5000

mean_goal1 = -1.1217677501812442
mean_goal2 = -0.36053142108905123
mean_goal3 = -1.5223228665565303
mean_goal4 = -1.1850112382616396
mean_goal5 = -0.6519638637464551
mean_noplay1 = -1.7024213491937126
mean_noplay2 = -1.3259010349432605
mean_noplay3 = -1.097738818405102
mean_noplay4 = -1.3764576522808778
mean_noplay5 = -1.074224406193439
mean_noplay6 = -0.9894343312920915
mean_noplay7 = -0.5964923814346643
mean_aim1 = -0.4265880557390165
mean_aim2 = -1.1683157724493167
mean_aim3 = -0.5228298012396493
mean_aim4 = -0.881953848023149
mean_aim5 = -0.39157088015593355
mean_aim6 = -0.671942090755592
mean_aim7 = -1.0163194688606243
mean_aim8 = -1.1834797723312598
mean_aim9 = -0.9259437523656191
mean_aim10 = -0.6539742673366116
mean_aim11 = -1.363592045171416
