seed = 2
n_neurons = 2000

mean_goal1 = -0.688885160055871
mean_goal2 = -0.513644595003583
mean_goal3 = -0.9497864469532331
mean_goal4 = -0.3855383242649499
mean_goal5 = -0.07904695594528105
mean_noplay1 = -0.6473551852810757
mean_noplay2 = -0.7511069276772699
mean_noplay3 = -1.0748728338034819
mean_noplay4 = -0.7923250481601406
mean_noplay5 = -0.9264520317954663
mean_noplay6 = -0.4019776774935838
mean_noplay7 = -0.6052538972704165
mean_aim1 = 0.13009885004024127
mean_aim2 = -0.7683065523797407
mean_aim3 = 0.034149335465753626
mean_aim4 = -0.516369562589146
mean_aim5 = -0.021617565076139152
mean_aim6 = -0.4150052647062158
mean_aim7 = -0.5682862249562876
mean_aim8 = -0.6841286008628962
mean_aim9 = -0.4723130525900481
mean_aim10 = -0.2790438110503104
mean_aim11 = -0.6605769559050615
