seed = 9
n_neurons = 200

mean_goal1 = -0.6061482210458008
mean_goal2 = -0.5989258270006621
mean_goal3 = -0.4828737701872086
mean_goal4 = -0.22842014899550428
mean_goal5 = -0.6174836772373562
mean_noplay1 = -0.12352255818308383
mean_noplay2 = -0.04162545125416597
mean_noplay3 = -0.4916327949687306
mean_noplay4 = -0.49594565680081276
mean_noplay5 = -0.7256006162868375
mean_noplay6 = -0.6737219097517259
mean_noplay7 = -0.3998815183194738
mean_aim1 = -0.17653138007053323
mean_aim2 = -0.56605968245078
mean_aim3 = -0.17411817734378374
mean_aim4 = -0.2914112235460034
mean_aim5 = -0.030638501807867227
mean_aim6 = -0.17244461223710383
mean_aim7 = -0.44440521736495486
mean_aim8 = -0.5922098056258136
mean_aim9 = -0.3358630342944235
mean_aim10 = -0.37862638738634435
mean_aim11 = -0.5646690110466444
