seed = 13
n_neurons = 200

mean_goal1 = -0.6065050166233135
mean_goal2 = -0.7223982896297191
mean_goal3 = -0.23615457233930404
mean_goal4 = -0.663405068856785
mean_goal5 = -0.08651398192055641
mean_noplay1 = -0.6669991387983242
mean_noplay2 = -0.8221606802372726
mean_noplay3 = -0.908348912787448
mean_noplay4 = -0.4200122106136885
mean_noplay5 = -0.8662799902668106
mean_noplay6 = -0.9148589548393715
mean_noplay7 = -0.5327843360515137
mean_aim1 = -0.02941077642855935
mean_aim2 = -0.4943971263038135
mean_aim3 = -0.10196358704393867
mean_aim4 = -0.21910006466096116
mean_aim5 = -0.004292318215748776
mean_aim6 = -0.0191975782965851
mean_aim7 = -0.4951394924411354
mean_aim8 = -0.6572613037082409
mean_aim9 = -0.3297417915835457
mean_aim10 = -0.24934610920230316
mean_aim11 = -0.7201065489851911
