seed = 18
n_neurons = 2000

mean_goal1 = -0.6020815802227775
mean_goal2 = -0.5821610894348601
mean_goal3 = -0.360899079277735
mean_goal4 = 0.2377053131634754
mean_goal5 = -0.6764417069607582
mean_noplay1 = 0.400765776501676
mean_noplay2 = -0.037615497066265234
mean_noplay3 = -0.8729551933595042
mean_noplay4 = -0.506864436211481
mean_noplay5 = 0.5180796744266016
mean_noplay6 = 0.40381110244970303
mean_noplay7 = -0.7375873411005445
mean_aim1 = 0.06363830375544044
mean_aim2 = -1.1221807990006063
mean_aim3 = -0.041291650766357366
mean_aim4 = -0.4242239297518605
mean_aim5 = 0.15614903648592607
mean_aim6 = -0.13554023657325812
mean_aim7 = -0.7310847868315045
mean_aim8 = -0.8216799028878095
mean_aim9 = -0.6102942696644099
mean_aim10 = -0.461167296197901
mean_aim11 = -1.0051844155668919
