seed = 13
n_neurons = 500

mean_goal1 = -0.6311512972211326
mean_goal2 = -0.6811855064502854
mean_goal3 = -0.24650088377416393
mean_goal4 = -0.621164594734677
mean_goal5 = -0.05155530780193521
mean_noplay1 = -0.6883379629005449
mean_noplay2 = -0.7279459659732667
mean_noplay3 = -0.9592187445125258
mean_noplay4 = -0.5056125752191044
mean_noplay5 = -0.8590363755185091
mean_noplay6 = -0.8877270407763684
mean_noplay7 = -0.6192495948401529
mean_aim1 = -0.01379519040684699
mean_aim2 = -0.594457106859837
mean_aim3 = -0.11245550268889333
mean_aim4 = -0.24694701253484883
mean_aim5 = -0.025270240968574713
mean_aim6 = -0.03423344584873601
mean_aim7 = -0.5266379993525512
mean_aim8 = -0.7560054732067231
mean_aim9 = -0.42130081474934394
mean_aim10 = -0.30634604710741864
mean_aim11 = -0.7462305085379359
