seed = 1
n_neurons = 200

mean_goal1 = -0.2210204687677381
mean_goal2 = -0.7301186914758798
mean_goal3 = -0.7776317952907402
mean_goal4 = -0.19773998528770487
mean_goal5 = -0.6763267223696373
mean_noplay1 = -0.6638317786586311
mean_noplay2 = -0.6316775951827754
mean_noplay3 = -0.9052765514838186
mean_noplay4 = -0.8113819080757065
mean_noplay5 = -1.1174703484170785
mean_noplay6 = -0.9242388670044448
mean_noplay7 = -0.8368831375408259
mean_aim1 = -0.17166503452681445
mean_aim2 = -0.6817780398511012
mean_aim3 = -0.24598377942828212
mean_aim4 = -0.32662281189189757
mean_aim5 = -0.08293231193014074
mean_aim6 = -0.24205323608581344
mean_aim7 = -0.6207819556010096
mean_aim8 = -0.8113614289437345
mean_aim9 = -0.42222693424490837
mean_aim10 = -0.45105502066684977
mean_aim11 = -0.8415329005878969
