seed = 5
n_neurons = 5000

mean_goal1 = -1.3174597167189945
mean_goal2 = -1.2334992805089111
mean_goal3 = -1.1369052143699963
mean_goal4 = -1.1813707917255056
mean_goal5 = -0.9021272354004237
mean_noplay1 = -1.1259018282414255
mean_noplay2 = -1.5253492897471261
mean_noplay3 = -1.1053132174237514
mean_noplay4 = -1.1609671946871498
mean_noplay5 = -1.4868914066701089
mean_noplay6 = -1.0334878413656314
mean_noplay7 = -0.9009350573530238
mean_aim1 = -0.7033919428558065
mean_aim2 = -1.2736577846412875
mean_aim3 = -0.810752569656822
mean_aim4 = -1.0784788751018815
mean_aim5 = -0.7316267476192484
mean_aim6 = -0.8976870599126889
mean_aim7 = -1.2143639723499629
mean_aim8 = -1.212076026208689
mean_aim9 = -1.1803650400495043
mean_aim10 = -0.8823026696394377
mean_aim11 = -1.2662107990295401
