seed = 16
n_neurons = 1000

mean_goal1 = -0.7046201947631591
mean_goal2 = -0.927163853179802
mean_goal3 = -1.0965151084557248
mean_goal4 = -1.0881748440555157
mean_goal5 = -0.8061149089774841
mean_noplay1 = -0.8247783820791247
mean_noplay2 = -0.7495230410624387
mean_noplay3 = -0.6706072959367009
mean_noplay4 = -0.6830693208359937
mean_noplay5 = -0.7874142356166886
mean_noplay6 = -0.8198023864233868
mean_noplay7 = -1.020664590666932
mean_aim1 = -0.4274741908744304
mean_aim2 = -0.8114068610176259
mean_aim3 = -0.5594686814777399
mean_aim4 = -0.6598509757816217
mean_aim5 = -0.5241672400814922
mean_aim6 = -0.5644886426643204
mean_aim7 = -0.9019034347860224
mean_aim8 = -1.0507962615588036
mean_aim9 = -0.8146754447678651
mean_aim10 = -0.7324194869013637
mean_aim11 = -1.055485933402675
