seed = 10
n_neurons = 500

mean_goal1 = -0.7046442318590863
mean_goal2 = -0.0960150827578185
mean_goal3 = -0.5772287049247261
mean_goal4 = -0.7647956843664252
mean_goal5 = -0.30821346411299166
mean_noplay1 = -1.0961305077278978
mean_noplay2 = -0.8619234232998482
mean_noplay3 = -0.8264795114549005
mean_noplay4 = -1.13280276182314
mean_noplay5 = -0.780654947348673
mean_noplay6 = -0.7508628923175522
mean_noplay7 = -0.4067398031406622
mean_aim1 = -0.44405475016300866
mean_aim2 = -0.6886280027555479
mean_aim3 = -0.4929459529633193
mean_aim4 = -0.5755721508179992
mean_aim5 = -0.4233025421413392
mean_aim6 = -0.5755235445924249
mean_aim7 = -0.5909037731749378
mean_aim8 = -0.7901548572201617
mean_aim9 = -0.45238754078489574
mean_aim10 = -0.3861210983374352
mean_aim11 = -0.8082299873076585
