seed = 7
n_neurons = 2000

mean_goal1 = -0.8051672609108023
mean_goal2 = -0.5488895191168379
mean_goal3 = -0.65359524891941
mean_goal4 = -0.9633673093866761
mean_goal5 = -0.5693276224840847
mean_noplay1 = -0.6973183734259686
mean_noplay2 = -1.1136884514655805
mean_noplay3 = -0.9334821323906566
mean_noplay4 = -0.34187534467778846
mean_noplay5 = -0.7773376788881883
mean_noplay6 = -1.0087023473604957
mean_noplay7 = -1.1471126313065687
mean_aim1 = -0.34448732519994346
mean_aim2 = -1.0221038589558433
mean_aim3 = -0.391840173943865
mean_aim4 = -0.640898087004451
mean_aim5 = -0.3299129790440032
mean_aim6 = -0.5120200100602238
mean_aim7 = -0.6938272394069043
mean_aim8 = -0.9588144994169981
mean_aim9 = -0.6469111872088354
mean_aim10 = -0.5868187112950106
mean_aim11 = -1.0130449180842729
