seed = 18
n_neurons = 5000

mean_goal1 = -0.6912375510963015
mean_goal2 = -0.43165213401609176
mean_goal3 = -0.5102515766913082
mean_goal4 = 0.10891951138433542
mean_goal5 = -0.7561163267216466
mean_noplay1 = 0.24011500252483745
mean_noplay2 = -0.1673095423199878
mean_noplay3 = -0.7809845962638479
mean_noplay4 = -0.6043225093171668
mean_noplay5 = 0.3318780908408479
mean_noplay6 = 0.23894641063996527
mean_noplay7 = -0.883993321394707
mean_aim1 = -0.0473247766000128
mean_aim2 = -1.210253210559265
mean_aim3 = -0.18991990220974783
mean_aim4 = -0.47719381552312284
mean_aim5 = 0.044739690632529396
mean_aim6 = -0.18118556878808775
mean_aim7 = -0.7904264966597934
mean_aim8 = -1.0898929366244616
mean_aim9 = -0.6949380193830658
mean_aim10 = -0.5692887629884958
mean_aim11 = -1.0518421312219945
