seed = 3
n_neurons = 500

mean_goal1 = -0.5364758846060971
mean_goal2 = -0.7612038761883371
mean_goal3 = -0.19969938653370609
mean_goal4 = -0.5622212090489711
mean_goal5 = -0.7670600229995794
mean_noplay1 = -0.20618491690179724
mean_noplay2 = -0.6822530422805032
mean_noplay3 = -0.7818133771550128
mean_noplay4 = -0.31278027219514465
mean_noplay5 = -0.8783780346899305
mean_noplay6 = -0.8335955357155487
mean_noplay7 = -0.9543644140460923
mean_aim1 = 0.02038072819054766
mean_aim2 = -0.9649268485786465
mean_aim3 = -0.10597495417335703
mean_aim4 = -0.3096789352231484
mean_aim5 = 0.13599477134896149
mean_aim6 = -0.03634678449967288
mean_aim7 = -0.6090921509964395
mean_aim8 = -0.9746947605690969
mean_aim9 = -0.33112793201152224
mean_aim10 = -0.38929836236033627
mean_aim11 = -0.9815216512273882
