seed = 12
n_neurons = 200

mean_goal1 = -0.8867730275044736
mean_goal2 = 0.1176168814100024
mean_goal3 = -0.28966124101700597
mean_goal4 = -0.8121257973097064
mean_goal5 = -0.3633790698928748
mean_noplay1 = -0.9861349088567892
mean_noplay2 = -0.583881191247464
mean_noplay3 = -0.980081880641239
mean_noplay4 = -0.673955024133495
mean_noplay5 = -0.3509220378641975
mean_noplay6 = -0.7363653600832353
mean_noplay7 = -1.0582531747016946
mean_aim1 = -0.006591813271105109
mean_aim2 = -0.5225145002079067
mean_aim3 = -0.1327516309255602
mean_aim4 = -0.2675018587238783
mean_aim5 = -0.0608460994248693
mean_aim6 = -0.13512339889678618
mean_aim7 = -0.5146906995009572
mean_aim8 = -0.6328168596123033
mean_aim9 = -0.37667591826434127
mean_aim10 = -0.23412602685243586
mean_aim11 = -0.6846090771414547
