seed = 8
n_neurons = 200

mean_goal1 = -0.19583229538888292
mean_goal2 = -0.4053008255840897
mean_goal3 = -0.33452440836649433
mean_goal4 = -0.37808335733794324
mean_goal5 = -0.38931883067372514
mean_noplay1 = -0.5280601981603392
mean_noplay2 = -0.6259513283005563
mean_noplay3 = -0.44770071336260436
mean_noplay4 = -0.48362535008197577
mean_noplay5 = -0.5373691505136111
mean_noplay6 = -0.599045841614529
mean_noplay7 = -0.39092264285561934
mean_aim1 = -0.24832556507108955
mean_aim2 = -0.5435299962750099
mean_aim3 = -0.27350428100253515
mean_aim4 = -0.43589306332350036
mean_aim5 = -0.22361405825381286
mean_aim6 = -0.32053537386972236
mean_aim7 = -0.4349401067015444
mean_aim8 = -0.5674908863913739
mean_aim9 = -0.39749809737191216
mean_aim10 = -0.38025924858735954
mean_aim11 = -0.5641115182029847
