seed = 15
n_neurons = 200

mean_goal1 = -0.3913682981582743
mean_goal2 = -0.6012556745268736
mean_goal3 = -0.5215707238807102
mean_goal4 = -0.6029726236398644
mean_goal5 = -0.6271089460032451
mean_noplay1 = -0.5595515827146327
mean_noplay2 = -0.5099548022630164
mean_noplay3 = -0.7599869751622083
mean_noplay4 = -0.5927030652639894
mean_noplay5 = -0.5021667011235054
mean_noplay6 = -0.7900099559300772
mean_noplay7 = -0.6114238601618331
mean_aim1 = -0.638936099200146
mean_aim2 = -0.6240872922526804
mean_aim3 = -0.70115795802591
mean_aim4 = -0.6429509827918806
mean_aim5 = -0.6342469761802805
mean_aim6 = -0.6924453256201962
mean_aim7 = -0.505785833446067
mean_aim8 = -0.5793328281690191
mean_aim9 = -0.5631124350004804
mean_aim10 = -0.6872317576003455
mean_aim11 = -0.4528409356245269
