seed = 4
n_neurons = 1000

mean_goal1 = -0.5987732854132698
mean_goal2 = -0.6682433343370933
mean_goal3 = -0.3676378844118905
mean_goal4 = -0.5645107695035064
mean_goal5 = -0.15890186207652138
mean_noplay1 = -0.6462015710867999
mean_noplay2 = -0.5169330364505165
mean_noplay3 = -0.3814823715005795
mean_noplay4 = -0.3506698089120429
mean_noplay5 = -0.6572502084677166
mean_noplay6 = -0.5351721585082178
mean_noplay7 = -0.3258578846932339
mean_aim1 = -0.4105270055097867
mean_aim2 = -0.863062988499974
mean_aim3 = -0.5404918835153488
mean_aim4 = -0.619532499165967
mean_aim5 = -0.4891069364381228
mean_aim6 = -0.46400703750671124
mean_aim7 = -0.6240615385829145
mean_aim8 = -0.7746267304853288
mean_aim9 = -0.5780149756357538
mean_aim10 = -0.4391211145198407
mean_aim11 = -0.6400843943847322
