seed = 8
n_neurons = 500

mean_goal1 = -0.21767398032657065
mean_goal2 = -0.5113587128837209
mean_goal3 = -0.42104597477320377
mean_goal4 = -0.4335404999807725
mean_goal5 = -0.5038900498851452
mean_noplay1 = -0.7194992530142615
mean_noplay2 = -0.7436371728469363
mean_noplay3 = -0.49440637623423345
mean_noplay4 = -0.44077811456681354
mean_noplay5 = -0.6159094014681743
mean_noplay6 = -0.5277143221769917
mean_noplay7 = -0.7452798258833285
mean_aim1 = -0.13603592290661154
mean_aim2 = -0.6701326871508405
mean_aim3 = -0.20796165797301067
mean_aim4 = -0.31961596622720956
mean_aim5 = 0.004426799045766712
mean_aim6 = -0.17276481292377377
mean_aim7 = -0.4221116156404871
mean_aim8 = -0.6312805699775641
mean_aim9 = -0.33026810232751236
mean_aim10 = -0.48469901224979994
mean_aim11 = -0.6564192653918233
