seed = 11
n_neurons = 5000

mean_goal1 = -1.4267467932697533
mean_goal2 = -1.279428134817201
mean_goal3 = -0.18334398280889153
mean_goal4 = -1.3372297344186808
mean_goal5 = -1.4063649755951997
mean_noplay1 = -0.9447882753414969
mean_noplay2 = -1.430578111995332
mean_noplay3 = -1.3023219105951631
mean_noplay4 = -0.750835713518025
mean_noplay5 = -1.2768993667228699
mean_noplay6 = -1.1556725576490028
mean_noplay7 = -1.3502901157103409
mean_aim1 = -0.09909582506254884
mean_aim2 = -1.1786155553289175
mean_aim3 = -0.24449495969299775
mean_aim4 = -0.5043947704054086
mean_aim5 = 0.03148339901198801
mean_aim6 = -0.2589688994190026
mean_aim7 = -0.9751565507524942
mean_aim8 = -1.2281886128206412
mean_aim9 = -0.66315805671961
mean_aim10 = -0.7424574557961554
mean_aim11 = -1.3127278172909185
