seed = 1
n_neurons = 500

mean_goal1 = -0.1866964583822672
mean_goal2 = -0.8434910966206063
mean_goal3 = -0.9779831157740063
mean_goal4 = -0.19931394285090717
mean_goal5 = -0.6930759410252377
mean_noplay1 = -0.6722485536361537
mean_noplay2 = -0.6404228802242904
mean_noplay3 = -0.8753389436639287
mean_noplay4 = -0.7447657345862952
mean_noplay5 = -1.2000051341797942
mean_noplay6 = -1.2720022128816764
mean_noplay7 = -0.6491453761425281
mean_aim1 = -0.12401028964965125
mean_aim2 = -0.8569358898086309
mean_aim3 = -0.30438932610158564
mean_aim4 = -0.39326947371598253
mean_aim5 = -0.13565952059291703
mean_aim6 = -0.2942730425543468
mean_aim7 = -0.7388072054340203
mean_aim8 = -0.9908229581953953
mean_aim9 = -0.5018098879688774
mean_aim10 = -0.5657376026185592
mean_aim11 = -1.0692744458718035
