seed = 4
n_neurons = 5000

mean_goal1 = -0.8934570346658046
mean_goal2 = -1.029186381790971
mean_goal3 = -0.6968343284876954
mean_goal4 = -1.1213596374172987
mean_goal5 = -0.8416573156484364
mean_noplay1 = -1.1025770127187378
mean_noplay2 = -0.7371427082387252
mean_noplay3 = -0.5239587459619583
mean_noplay4 = -0.6224598835726218
mean_noplay5 = -1.294426436670872
mean_noplay6 = -1.0839610144844563
mean_noplay7 = -0.960438080233756
mean_aim1 = -0.598867166398738
mean_aim2 = -1.3498704553608214
mean_aim3 = -0.7950438111202948
mean_aim4 = -0.9147340075782542
mean_aim5 = -0.7767244746953551
mean_aim6 = -0.86116508311373
mean_aim7 = -0.9911421551358952
mean_aim8 = -0.8612044695981668
mean_aim9 = -0.9287456448170996
mean_aim10 = -0.7796533916604561
mean_aim11 = -0.940333413410596
