seed = 10
n_neurons = 1000

mean_goal1 = -0.6387541247700608
mean_goal2 = -0.21219819840843707
mean_goal3 = -0.7173701152945156
mean_goal4 = -0.8050082624992644
mean_goal5 = -0.44026132940793045
mean_noplay1 = -1.1213967304954244
mean_noplay2 = -0.8954752158056604
mean_noplay3 = -0.86314164342623
mean_noplay4 = -0.9624527926628709
mean_noplay5 = -0.6284094748022323
mean_noplay6 = -0.657352784084034
mean_noplay7 = -0.36321963404327934
mean_aim1 = -0.47102920069610693
mean_aim2 = -0.8138102420095477
mean_aim3 = -0.4855807119440159
mean_aim4 = -0.6657234053000799
mean_aim5 = -0.40470723227685385
mean_aim6 = -0.606746683583179
mean_aim7 = -0.6907848514885973
mean_aim8 = -0.9350917991828419
mean_aim9 = -0.5203489462479296
mean_aim10 = -0.5627687092857006
mean_aim11 = -0.9077431350337488
