seed = 15
n_neurons = 5000

mean_goal1 = -1.1732743951427673
mean_goal2 = -1.5705730489557852
mean_goal3 = -1.376144378082221
mean_goal4 = -1.5162907305951652
mean_goal5 = -1.7772141033645958
mean_noplay1 = -1.8728227294153936
mean_noplay2 = -1.620525739189282
mean_noplay3 = -1.818849381687466
mean_noplay4 = -1.5572804142472023
mean_noplay5 = -1.40483761785044
mean_noplay6 = -1.5237193200135206
mean_noplay7 = -1.6688307589658318
mean_aim1 = -1.1799880937841314
mean_aim2 = -1.9643575859120108
mean_aim3 = -1.3690315695211455
mean_aim4 = -1.5116344694471675
mean_aim5 = -1.3496555134512305
mean_aim6 = -1.5141345435918043
mean_aim7 = -1.2754250694893303
mean_aim8 = -1.0908596654808242
mean_aim9 = -1.5259085759633182
mean_aim10 = -1.1912172006218422
mean_aim11 = -0.9216522807547347
