seed = 17
n_neurons = 200

mean_goal1 = -0.3674787617346221
mean_goal2 = -0.5487208224516249
mean_goal3 = -0.6332163640868105
mean_goal4 = -0.7856577020678885
mean_goal5 = -0.8479975729646783
mean_noplay1 = -0.4801181487523518
mean_noplay2 = -1.085320087594114
mean_noplay3 = -0.7996121983389873
mean_noplay4 = -0.5942225258912776
mean_noplay5 = -0.41764598695069555
mean_noplay6 = -0.29944122256913835
mean_noplay7 = -0.6389836606261418
mean_aim1 = 0.005479903443854754
mean_aim2 = -0.41684064321192044
mean_aim3 = -0.068311072695121
mean_aim4 = -0.12487186667014531
mean_aim5 = 0.10725359498838757
mean_aim6 = 0.01209377452973412
mean_aim7 = -0.31530939587715096
mean_aim8 = -0.42281674409594183
mean_aim9 = -0.17841125217288686
mean_aim10 = -0.21504529887185503
mean_aim11 = -0.43342029596545906
