seed = 16
n_neurons = 500

mean_goal1 = -0.6186004681840305
mean_goal2 = -0.8569821999040775
mean_goal3 = -0.9852880687031086
mean_goal4 = -0.9695652992365663
mean_goal5 = -0.6748208518075697
mean_noplay1 = -0.7564489614319289
mean_noplay2 = -0.6182817001622236
mean_noplay3 = -0.6458952038118416
mean_noplay4 = -0.6123866240378749
mean_noplay5 = -0.685589833561217
mean_noplay6 = -0.6529285623431668
mean_noplay7 = -1.0716069192119169
mean_aim1 = -0.32775780722587067
mean_aim2 = -0.7093939302435859
mean_aim3 = -0.4454616352463941
mean_aim4 = -0.5268804861642155
mean_aim5 = -0.410779966790989
mean_aim6 = -0.39422952892477126
mean_aim7 = -0.7180462161408845
mean_aim8 = -0.7725596253795789
mean_aim9 = -0.630919900042436
mean_aim10 = -0.5274354187131114
mean_aim11 = -0.8107100418955115
