seed = 2
n_neurons = 500

mean_goal1 = -0.41296524442174165
mean_goal2 = -0.26476376983564204
mean_goal3 = -0.5633980689960616
mean_goal4 = -0.20966303552532592
mean_goal5 = -0.06103358244761048
mean_noplay1 = -0.45631110536210473
mean_noplay2 = -0.578110467399259
mean_noplay3 = -0.6517897928012103
mean_noplay4 = -0.5631132779745704
mean_noplay5 = -0.5599069738010909
mean_noplay6 = -0.1876924449389937
mean_noplay7 = -0.5413577203472805
mean_aim1 = -0.08333532582424942
mean_aim2 = -0.6034219487556599
mean_aim3 = -0.15661603624143153
mean_aim4 = -0.4778909870452202
mean_aim5 = -0.14781716351508575
mean_aim6 = -0.36147707088378395
mean_aim7 = -0.47652900222477484
mean_aim8 = -0.5427275718878759
mean_aim9 = -0.4766597601328208
mean_aim10 = -0.28018168537091703
mean_aim11 = -0.5557432263815535
