seed = 13
n_neurons = 5000

mean_goal1 = -0.9083188089404816
mean_goal2 = -1.0232529925128204
mean_goal3 = -0.46730277279762034
mean_goal4 = -0.8059603385371662
mean_goal5 = -0.05768909721713104
mean_noplay1 = -0.9835320614837262
mean_noplay2 = -0.9945850928699659
mean_noplay3 = -1.2045602967921178
mean_noplay4 = -0.7458288779667553
mean_noplay5 = -1.26092176176777
mean_noplay6 = -1.235223321938908
mean_noplay7 = -0.9079723469223271
mean_aim1 = -0.24983549284744944
mean_aim2 = -0.9745580362446734
mean_aim3 = -0.42868220014531927
mean_aim4 = -0.818699228391709
mean_aim5 = -0.47301719903402617
mean_aim6 = -0.8909197357253968
mean_aim7 = -0.8878628140135506
mean_aim8 = -1.0613390887988896
mean_aim9 = -0.9755346396074913
mean_aim10 = -0.6873787586036897
mean_aim11 = -1.2042454506222586
