seed = 12
n_neurons = 1000

mean_goal1 = -1.1369881368862942
mean_goal2 = 0.25090641996939417
mean_goal3 = -0.3159821794685634
mean_goal4 = -1.0273775312303373
mean_goal5 = -0.4710732047734542
mean_noplay1 = -1.2151606905323296
mean_noplay2 = -0.9353600614611817
mean_noplay3 = -1.2024775708225415
mean_noplay4 = -0.9580458425230627
mean_noplay5 = -0.3921015156857133
mean_noplay6 = -0.901863290743422
mean_noplay7 = -1.1002231258878903
mean_aim1 = -0.0336511843771304
mean_aim2 = -0.7474276327167854
mean_aim3 = -0.16236430889519549
mean_aim4 = -0.381546788973784
mean_aim5 = 0.05792321873273412
mean_aim6 = -0.21346241216394476
mean_aim7 = -0.7141754472461317
mean_aim8 = -0.6552831799546304
mean_aim9 = -0.3694937950464536
mean_aim10 = -0.41651146689316754
mean_aim11 = -0.7696997045700714
