seed = 16
n_neurons = 2000

mean_goal1 = -0.8939010934497301
mean_goal2 = -1.2466369576456817
mean_goal3 = -1.316139554827532
mean_goal4 = -1.2903242111229964
mean_goal5 = -0.9812694843089382
mean_noplay1 = -1.0295242986424011
mean_noplay2 = -0.9393161869280456
mean_noplay3 = -0.6814351085662599
mean_noplay4 = -0.896664544984275
mean_noplay5 = -0.89393874497295
mean_noplay6 = -1.0936147197609627
mean_noplay7 = -1.3883481928262782
mean_aim1 = -0.45689418446822566
mean_aim2 = -1.0726818251882118
mean_aim3 = -0.5939661418511499
mean_aim4 = -0.7316577859618197
mean_aim5 = -0.5363568127444301
mean_aim6 = -0.6522406746079366
mean_aim7 = -1.1058361631734146
mean_aim8 = -1.1417793511714331
mean_aim9 = -0.8842121910119772
mean_aim10 = -0.7973360795664541
mean_aim11 = -1.3388724943410881
