seed = 6
n_neurons = 2000

mean_goal1 = -0.724277711130519
mean_goal2 = -0.6043870868204126
mean_goal3 = -0.6455799058964924
mean_goal4 = -0.35845223845115076
mean_goal5 = -0.7766322798465328
mean_noplay1 = -0.7207681303622516
mean_noplay2 = -1.0668130256180681
mean_noplay3 = -1.1312053825067994
mean_noplay4 = -0.7586061394384459
mean_noplay5 = -0.26410144130535235
mean_noplay6 = -0.7372926290163448
mean_noplay7 = -0.6122696076716666
mean_aim1 = -0.3389309944627512
mean_aim2 = -0.869654366765954
mean_aim3 = -0.4534594324659548
mean_aim4 = -0.7340343779817603
mean_aim5 = -0.29941407965448597
mean_aim6 = -0.4607885484368442
mean_aim7 = -0.8809951226500194
mean_aim8 = -1.038659416125843
mean_aim9 = -0.6891157039293814
mean_aim10 = -0.7136341488406938
mean_aim11 = -1.087514202136088
