seed = 11
n_neurons = 500

mean_goal1 = -0.690104034986092
mean_goal2 = -0.7094638256702263
mean_goal3 = -0.1725027450294724
mean_goal4 = -0.6807897422398936
mean_goal5 = -0.6850339611591582
mean_noplay1 = -0.7188758228665704
mean_noplay2 = -0.9307956241901026
mean_noplay3 = -0.7835938622047647
mean_noplay4 = -0.3473857567277307
mean_noplay5 = -0.8740921188408283
mean_noplay6 = -0.7420566361591452
mean_noplay7 = -0.8174109431149453
mean_aim1 = 0.01158296376774869
mean_aim2 = -0.751110993759054
mean_aim3 = -0.03028115273029639
mean_aim4 = -0.24954317994985833
mean_aim5 = 0.15718450499911288
mean_aim6 = -0.05436189722596397
mean_aim7 = -0.6205806782640294
mean_aim8 = -0.8493365878663615
mean_aim9 = -0.37929616659162885
mean_aim10 = -0.4300476560607454
mean_aim11 = -0.8764739858659562
