seed = 17
n_neurons = 2000

mean_goal1 = -0.6287249236207209
mean_goal2 = -0.7901445003974721
mean_goal3 = -1.2022897163312025
mean_goal4 = -1.2671418684610702
mean_goal5 = -1.4215014447025025
mean_noplay1 = -0.703089853040729
mean_noplay2 = -1.2922766075054537
mean_noplay3 = -1.414163091192471
mean_noplay4 = -0.9939868452462595
mean_noplay5 = -0.7233072228113103
mean_noplay6 = -0.4348202574175945
mean_noplay7 = -1.0922418403574936
mean_aim1 = -0.35779921892448047
mean_aim2 = -0.7926417368603593
mean_aim3 = -0.2784458579730088
mean_aim4 = -0.6253495687901915
mean_aim5 = -0.38246067662717187
mean_aim6 = -0.6042647752880488
mean_aim7 = -0.653761931071908
mean_aim8 = -0.7487459923492784
mean_aim9 = -0.6663209857209348
mean_aim10 = -0.4549785309833254
mean_aim11 = -0.8161296074275209
