seed = 8
n_neurons = 2000

mean_goal1 = -0.19006253828419067
mean_goal2 = -0.584014367891292
mean_goal3 = -0.48164428753187266
mean_goal4 = -0.5657204548880074
mean_goal5 = -0.6572511260682894
mean_noplay1 = -0.7948963786807685
mean_noplay2 = -0.8589915091422595
mean_noplay3 = -0.5971164348447698
mean_noplay4 = -0.7223077834889231
mean_noplay5 = -0.7615409964269889
mean_noplay6 = -0.8374356417415632
mean_noplay7 = -1.029906908488237
mean_aim1 = -0.004064504186078684
mean_aim2 = -0.6480375445313478
mean_aim3 = -0.0761030044901426
mean_aim4 = -0.20387660121516218
mean_aim5 = 0.11456989402118976
mean_aim6 = -0.03015141461574501
mean_aim7 = -0.44911218627199
mean_aim8 = -0.6663513117850013
mean_aim9 = -0.2493104403984975
mean_aim10 = -0.43061695444210124
mean_aim11 = -0.7209195992825174
