seed = 6
n_neurons = 500

mean_goal1 = -0.3757761957242198
mean_goal2 = -0.23374677433534474
mean_goal3 = -0.3764659706639306
mean_goal4 = -0.1118024624059576
mean_goal5 = -0.5496199068241833
mean_noplay1 = -0.42873246644273577
mean_noplay2 = -0.7585556531017863
mean_noplay3 = -0.8117527847501392
mean_noplay4 = -0.39628957959128636
mean_noplay5 = -0.10430883830276096
mean_noplay6 = -0.4275471332987717
mean_noplay7 = -0.481689865163207
mean_aim1 = -0.36339126442050074
mean_aim2 = -0.43152888526400507
mean_aim3 = -0.3106232027382263
mean_aim4 = -0.49990242569144117
mean_aim5 = -0.3161755417373633
mean_aim6 = -0.37246706387747003
mean_aim7 = -0.6139259816287368
mean_aim8 = -0.6171707775416851
mean_aim9 = -0.4805219546361114
mean_aim10 = -0.509628745582599
mean_aim11 = -0.720585815240212
