seed = 5
n_neurons = 500

mean_goal1 = -0.8823988347757522
mean_goal2 = -0.8569673877781796
mean_goal3 = -0.7827017954521656
mean_goal4 = -0.7786810828415925
mean_goal5 = -0.5275464030792185
mean_noplay1 = -0.6327002140151567
mean_noplay2 = -0.9773476268428312
mean_noplay3 = -0.7735917476384621
mean_noplay4 = -0.7648587994218411
mean_noplay5 = -1.148678759701473
mean_noplay6 = -0.8110547482640812
mean_noplay7 = -0.5742850735654771
mean_aim1 = -0.497519330681025
mean_aim2 = -0.6863370422155326
mean_aim3 = -0.5773098081429151
mean_aim4 = -0.6027162115627936
mean_aim5 = -0.5107886480255501
mean_aim6 = -0.5550993854247283
mean_aim7 = -0.6829588100098284
mean_aim8 = -0.7079539591800191
mean_aim9 = -0.6923061221550879
mean_aim10 = -0.48553836124754124
mean_aim11 = -0.6664272779913666
