seed = 8
n_neurons = 5000

mean_goal1 = -0.00252898128884284
mean_goal2 = -0.9952573912016064
mean_goal3 = -0.4774067376729887
mean_goal4 = -0.64239902979063
mean_goal5 = -0.9753744102527636
mean_noplay1 = -0.9666685691365627
mean_noplay2 = -0.983478209188182
mean_noplay3 = -0.6190892577854242
mean_noplay4 = -1.0795580699104153
mean_noplay5 = -0.7844305158070047
mean_noplay6 = -0.2964944546887736
mean_noplay7 = -1.077365285589705
mean_aim1 = 0.0072181980625894565
mean_aim2 = -0.8335479536778716
mean_aim3 = -0.09394724479813446
mean_aim4 = -0.20783407551052777
mean_aim5 = 0.18409660900086267
mean_aim6 = -0.016755059643552072
mean_aim7 = -0.5463936223109321
mean_aim8 = -0.7982211686737092
mean_aim9 = -0.40701237711282384
mean_aim10 = -0.4755744588511123
mean_aim11 = -0.9146682927503254
