seed = 15
n_neurons = 500

mean_goal1 = -0.452615281846335
mean_goal2 = -0.8331349398196225
mean_goal3 = -0.6569652816439858
mean_goal4 = -0.7505508872519058
mean_goal5 = -0.9284273925500862
mean_noplay1 = -0.8767666221812218
mean_noplay2 = -0.7247255094692547
mean_noplay3 = -1.0390203384544063
mean_noplay4 = -0.8166946338488589
mean_noplay5 = -0.653220043494783
mean_noplay6 = -1.1029259265237155
mean_noplay7 = -0.8210651190828189
mean_aim1 = -0.7087721329752374
mean_aim2 = -0.9085843644028204
mean_aim3 = -0.8286669747457716
mean_aim4 = -0.8044220534532656
mean_aim5 = -0.7062178544794242
mean_aim6 = -0.8287513376648258
mean_aim7 = -0.6047115282265815
mean_aim8 = -0.7271515334624181
mean_aim9 = -0.7474883107548627
mean_aim10 = -0.734404976578938
mean_aim11 = -0.45675748750383494
