seed = 14
n_neurons = 2000

mean_goal1 = -0.48860349053441576
mean_goal2 = -0.83757759322386
mean_goal3 = -0.6029470975306629
mean_goal4 = -0.03689858858207386
mean_goal5 = -0.34387394718102005
mean_noplay1 = -0.6348859244060298
mean_noplay2 = -0.045572954976299915
mean_noplay3 = -0.12101393978096309
mean_noplay4 = -0.16726864604529754
mean_noplay5 = -0.38593455846613645
mean_noplay6 = -1.3499057409227027
mean_noplay7 = -0.79893245510991
mean_aim1 = -0.19661465890678773
mean_aim2 = -0.93666758040147
mean_aim3 = -0.32846884465383713
mean_aim4 = -0.4498654906931302
mean_aim5 = -0.1248861723844781
mean_aim6 = -0.3056303548812354
mean_aim7 = -0.776558600334772
mean_aim8 = -0.8939858676013208
mean_aim9 = -0.6471847492279105
mean_aim10 = -0.6140419987298595
mean_aim11 = -0.9826061192893678
