seed = 5
n_neurons = 200

mean_goal1 = -0.6876587368419982
mean_goal2 = -0.639852952488
mean_goal3 = -0.6130364814419792
mean_goal4 = -0.6299561733371438
mean_goal5 = -0.37928173322731296
mean_noplay1 = -0.4159441561320141
mean_noplay2 = -0.7253902010850893
mean_noplay3 = -0.6564740695836293
mean_noplay4 = -0.7554184933212902
mean_noplay5 = -1.0826748839064633
mean_noplay6 = -0.5903299478003707
mean_noplay7 = -0.49331042392065866
mean_aim1 = -0.4503458709116514
mean_aim2 = -0.5674795251536392
mean_aim3 = -0.4828622893588075
mean_aim4 = -0.49018305540186563
mean_aim5 = -0.4702003494872243
mean_aim6 = -0.45008563379840816
mean_aim7 = -0.5908444270100829
mean_aim8 = -0.5989408062870524
mean_aim9 = -0.5523378451736782
mean_aim10 = -0.40940163180863665
mean_aim11 = -0.6387848411874545
