seed = 3
n_neurons = 5000

mean_goal1 = -0.924799505641752
mean_goal2 = -1.3356806132766144
mean_goal3 = -0.18831546527205353
mean_goal4 = 0.02334431794891046
mean_goal5 = -1.5824949090959595
mean_noplay1 = -0.24515162983058542
mean_noplay2 = -1.3276674725007136
mean_noplay3 = -1.4579429902955618
mean_noplay4 = -0.5809712678493864
mean_noplay5 = -1.2811651015432999
mean_noplay6 = -1.4793369113210832
mean_noplay7 = -1.6837093855009222
mean_aim1 = -0.15617014219764924
mean_aim2 = -1.3757841659037076
mean_aim3 = -0.2871844349151584
mean_aim4 = -0.6123588255878264
mean_aim5 = -0.13439511996396863
mean_aim6 = -0.3731029083879273
mean_aim7 = -0.9086955284580943
mean_aim8 = -1.2252380380947203
mean_aim9 = -0.7745514045385847
mean_aim10 = -0.6459478335831532
mean_aim11 = -1.2853642192015917
