seed = 12
n_neurons = 500

mean_goal1 = -1.0491376932114813
mean_goal2 = 0.14956645218446793
mean_goal3 = -0.32480913636803105
mean_goal4 = -0.9194385362865718
mean_goal5 = -0.4210179632700552
mean_noplay1 = -1.130913447065154
mean_noplay2 = -0.7781513164422248
mean_noplay3 = -1.2053396538752814
mean_noplay4 = -0.8469945225195695
mean_noplay5 = -0.41108576631704963
mean_noplay6 = -0.8503999601982918
mean_noplay7 = -1.1559961498847966
mean_aim1 = 0.007876671802659508
mean_aim2 = -0.6595168906458926
mean_aim3 = -0.16862120686849932
mean_aim4 = -0.36356596842364824
mean_aim5 = 0.004319988577249453
mean_aim6 = -0.2007482426262933
mean_aim7 = -0.6134137467881843
mean_aim8 = -0.7460915202498186
mean_aim9 = -0.4438129122670766
mean_aim10 = -0.391432955681872
mean_aim11 = -0.8607349908330374
