seed = 15
n_neurons = 2000

mean_goal1 = -0.8561986734413155
mean_goal2 = -1.212564082480209
mean_goal3 = -1.0815691805827445
mean_goal4 = -1.0579255326940027
mean_goal5 = -1.3340436478179445
mean_noplay1 = -1.3105176993257197
mean_noplay2 = -1.1947134137005802
mean_noplay3 = -1.4595956735011404
mean_noplay4 = -1.165622715376911
mean_noplay5 = -0.8378477566079803
mean_noplay6 = -1.1627258077782847
mean_noplay7 = -1.337690957549745
mean_aim1 = -0.9837310103522692
mean_aim2 = -1.3886878919074268
mean_aim3 = -1.144556800337575
mean_aim4 = -1.1537567722254118
mean_aim5 = -1.0562627466787302
mean_aim6 = -1.1828584183579764
mean_aim7 = -0.9294587202379836
mean_aim8 = -0.8667170820732646
mean_aim9 = -1.1836943741085055
mean_aim10 = -0.931435491308417
mean_aim11 = -0.6497303051851565
