seed = 17
n_neurons = 500

mean_goal1 = -0.404785036120598
mean_goal2 = -0.5876593099764152
mean_goal3 = -0.6975651188198525
mean_goal4 = -0.8128159008414519
mean_goal5 = -0.875551738162025
mean_noplay1 = -0.48567937848799625
mean_noplay2 = -1.0603192473493073
mean_noplay3 = -0.8449059497461079
mean_noplay4 = -0.6982944019316054
mean_noplay5 = -0.4650534910973533
mean_noplay6 = -0.23925686485453282
mean_noplay7 = -0.6733149375924619
mean_aim1 = -0.08127090780381263
mean_aim2 = -0.5984973197526151
mean_aim3 = -0.15485355460252245
mean_aim4 = -0.26165321148357173
mean_aim5 = 0.014898392904220329
mean_aim6 = -0.12387094295554676
mean_aim7 = -0.43564905349764627
mean_aim8 = -0.592422167315167
mean_aim9 = -0.3094561597029189
mean_aim10 = -0.29293386141236316
mean_aim11 = -0.5687237721520569
