seed = 1
n_neurons = 5000

mean_goal1 = -0.37197394024575087
mean_goal2 = -1.3525187969535657
mean_goal3 = -1.4254545615706187
mean_goal4 = -0.3688572224430532
mean_goal5 = -1.331334439381327
mean_noplay1 = -1.215563797608015
mean_noplay2 = -1.1394856010878789
mean_noplay3 = -1.148983304428407
mean_noplay4 = -1.1777411507863196
mean_noplay5 = -1.427171232404164
mean_noplay6 = -1.4234481200086975
mean_noplay7 = -1.3343902487272061
mean_aim1 = -0.18754416009965078
mean_aim2 = -1.2923728888118682
mean_aim3 = -0.3877983791352427
mean_aim4 = -0.6177237600711412
mean_aim5 = -0.12944348803192762
mean_aim6 = -0.40935349664690174
mean_aim7 = -1.2539228768504114
mean_aim8 = -1.5033719794907627
mean_aim9 = -0.8748324956403414
mean_aim10 = -0.9973920651184575
mean_aim11 = -1.663856266358204
