seed = 16
n_neurons = 200

mean_goal1 = -0.45605780426939696
mean_goal2 = -0.6103521902152933
mean_goal3 = -0.9982010691911504
mean_goal4 = -0.8733553836832897
mean_goal5 = -0.5144856289138345
mean_noplay1 = -0.680553048022552
mean_noplay2 = -0.549580697374465
mean_noplay3 = -0.43584578580232636
mean_noplay4 = -0.44796612049783624
mean_noplay5 = -0.30126565545753664
mean_noplay6 = -0.49951373279820116
mean_noplay7 = -0.9304925697815267
mean_aim1 = -0.24016894667240354
mean_aim2 = -0.4516199316098504
mean_aim3 = -0.31062870160198264
mean_aim4 = -0.3756633343156281
mean_aim5 = -0.2987131845894459
mean_aim6 = -0.23261314718744988
mean_aim7 = -0.624759281380428
mean_aim8 = -0.7327883866214304
mean_aim9 = -0.45430864293188367
mean_aim10 = -0.43780501721752224
mean_aim11 = -0.784525999546157
