seed = 13
n_neurons = 1000

mean_goal1 = -0.7317968820477871
mean_goal2 = -0.7431015028428941
mean_goal3 = -0.31711683000187724
mean_goal4 = -0.6441666371290911
mean_goal5 = -0.03172315469757872
mean_noplay1 = -0.7753649121339561
mean_noplay2 = -0.8385380630069682
mean_noplay3 = -1.0319338840039072
mean_noplay4 = -0.6119109176198806
mean_noplay5 = -1.029211235591933
mean_noplay6 = -0.87153965531948
mean_noplay7 = -0.6220517103429167
mean_aim1 = -0.06750056626358816
mean_aim2 = -0.7175872714020477
mean_aim3 = -0.24417281755949263
mean_aim4 = -0.30419509672636597
mean_aim5 = -0.17639831604976422
mean_aim6 = -0.08948692023344194
mean_aim7 = -0.5857213229697918
mean_aim8 = -0.7724137954326498
mean_aim9 = -0.5016427268874358
mean_aim10 = -0.4117823100892681
mean_aim11 = -0.7565903670875072
