seed = 9
n_neurons = 2000

mean_goal1 = -0.9044321037904111
mean_goal2 = -1.0013051249400562
mean_goal3 = -0.8567286585646905
mean_goal4 = -0.5590555659701474
mean_goal5 = -1.0449906857573148
mean_noplay1 = -0.24395065169752134
mean_noplay2 = -0.21889965332719463
mean_noplay3 = -0.7750296259177671
mean_noplay4 = -0.8155702059975445
mean_noplay5 = -1.1643823833244444
mean_noplay6 = -0.9572223159077327
mean_noplay7 = -0.94157979767159
mean_aim1 = -0.2884622473687538
mean_aim2 = -0.9942598607178652
mean_aim3 = -0.37711186954513515
mean_aim4 = -0.6187720185919071
mean_aim5 = -0.20399732053009964
mean_aim6 = -0.48352157289315584
mean_aim7 = -0.8876177329477617
mean_aim8 = -1.1112779941876378
mean_aim9 = -0.6440562885112334
mean_aim10 = -0.6857423965137494
mean_aim11 = -1.2411421405036518
