seed = 9
n_neurons = 1000

mean_goal1 = -0.7707428590985184
mean_goal2 = -0.8138006239054623
mean_goal3 = -0.7029252102886748
mean_goal4 = -0.4401201948868427
mean_goal5 = -0.9096416896565843
mean_noplay1 = -0.17731226662289254
mean_noplay2 = -0.10045184074621136
mean_noplay3 = -0.5895501260405712
mean_noplay4 = -0.628805088642424
mean_noplay5 = -1.03564606702275
mean_noplay6 = -0.8522307805596395
mean_noplay7 = -0.7220125108637645
mean_aim1 = -0.22963901073303994
mean_aim2 = -0.8061645855316882
mean_aim3 = -0.30859013833885796
mean_aim4 = -0.46748108773110325
mean_aim5 = -0.13131701268335902
mean_aim6 = -0.34526159303421033
mean_aim7 = -0.777348273212828
mean_aim8 = -0.9579541412132009
mean_aim9 = -0.559384994959385
mean_aim10 = -0.6251071812201732
mean_aim11 = -1.0227304564540798
