seed = 10
n_neurons = 2000

mean_goal1 = -0.758712944906272
mean_goal2 = -0.48420300374574526
mean_goal3 = -0.6605163236428345
mean_goal4 = -0.8586385248313242
mean_goal5 = -0.6171137533605932
mean_noplay1 = -1.1034971479654263
mean_noplay2 = -1.0411228072939955
mean_noplay3 = -0.8356132692857761
mean_noplay4 = -1.0822698928563168
mean_noplay5 = -1.0893978556688582
mean_noplay6 = -0.8450071292113293
mean_noplay7 = -0.4206699402701945
mean_aim1 = -0.38246152318212273
mean_aim2 = -1.1505889675057777
mean_aim3 = -0.4225961435513933
mean_aim4 = -0.9028061263734033
mean_aim5 = -0.18618664702116144
mean_aim6 = 0.08891164732930476
mean_aim7 = -0.4927070855697427
mean_aim8 = -0.8739012900790161
mean_aim9 = -0.22612807076248145
mean_aim10 = -0.275150728459383
mean_aim11 = -1.0552265490993484
