seed = 11
n_neurons = 2000

mean_goal1 = -0.9721027201427869
mean_goal2 = -1.027426470764258
mean_goal3 = -0.295323271517031
mean_goal4 = -1.0202194039271457
mean_goal5 = -1.0321330820711045
mean_noplay1 = -0.9372263546028591
mean_noplay2 = -1.3221835041420937
mean_noplay3 = -1.245188076424411
mean_noplay4 = -0.6406841686731849
mean_noplay5 = -1.242718043283405
mean_noplay6 = -0.8543044693843547
mean_noplay7 = -1.2499994222527182
mean_aim1 = -0.08300093887664
mean_aim2 = -1.0149905560950656
mean_aim3 = -0.13829886315769307
mean_aim4 = -0.5273090368924819
mean_aim5 = 0.07261219073595289
mean_aim6 = -0.28455963650717236
mean_aim7 = -0.8561920067369209
mean_aim8 = -1.0638826075555543
mean_aim9 = -0.5565636676124801
mean_aim10 = -0.6396881931472225
mean_aim11 = -1.158658098203919
