seed = 16
n_neurons = 5000

mean_goal1 = -1.1786276436537544
mean_goal2 = -1.4887869860986294
mean_goal3 = -1.7775583649792566
mean_goal4 = -1.7982188371279257
mean_goal5 = -1.2782190476590127
mean_noplay1 = -1.4711640475845695
mean_noplay2 = -1.3962303095503363
mean_noplay3 = -0.8844629198356012
mean_noplay4 = -1.1302818758889335
mean_noplay5 = -1.1821692337171563
mean_noplay6 = -1.567143595398168
mean_noplay7 = -1.5176074079180295
mean_aim1 = -0.378968000770925
mean_aim2 = -1.4818615041807761
mean_aim3 = -0.5398675338074337
mean_aim4 = -0.8131137140959588
mean_aim5 = -0.41861569647167973
mean_aim6 = -0.5797456580793664
mean_aim7 = -1.2432465318510677
mean_aim8 = -1.5284356460323452
mean_aim9 = -1.0515542585766835
mean_aim10 = -0.9295102048846733
mean_aim11 = -1.5670754426403353
