seed = 19
n_neurons = 500

mean_goal1 = -0.7087388178612506
mean_goal2 = -0.288873452782624
mean_goal3 = 0.004011080529756395
mean_goal4 = -0.6519399326850381
mean_goal5 = 0.09179423180741725
mean_noplay1 = -0.8380433610079051
mean_noplay2 = -0.9181345385115327
mean_noplay3 = -0.3655079104906783
mean_noplay4 = -0.3973252243421911
mean_noplay5 = 0.024594646529166413
mean_noplay6 = -0.47596887310525277
mean_noplay7 = -0.1342536423378364
mean_aim1 = -0.08170394421054943
mean_aim2 = -0.866684604184917
mean_aim3 = -0.07039567629464273
mean_aim4 = -0.41377246422288155
mean_aim5 = 0.11884604773789562
mean_aim6 = -0.19621723595012427
mean_aim7 = -0.626753573126515
mean_aim8 = -0.5142905557817257
mean_aim9 = -0.6325612318901128
mean_aim10 = -0.37097459114932074
mean_aim11 = -0.5498352246441376
