seed = 4
n_neurons = 200

mean_goal1 = -0.3735328767934337
mean_goal2 = -0.44895717853060507
mean_goal3 = -0.0707071807322816
mean_goal4 = -0.5510194887029172
mean_goal5 = -0.4676753305017193
mean_noplay1 = -0.8254388714293054
mean_noplay2 = -0.3827011164130388
mean_noplay3 = -0.13104685349816053
mean_noplay4 = -0.07676664948570555
mean_noplay5 = -0.5418950488457678
mean_noplay6 = -0.5516555640110702
mean_noplay7 = -0.5435309389472261
mean_aim1 = -0.17181391031918478
mean_aim2 = -0.6064763040261356
mean_aim3 = -0.2824017675555603
mean_aim4 = -0.35410933547865564
mean_aim5 = -0.24882410056477192
mean_aim6 = -0.19563940806788677
mean_aim7 = -0.4648940459692384
mean_aim8 = -0.48314159195025624
mean_aim9 = -0.44954768056067196
mean_aim10 = -0.2805950495767579
mean_aim11 = -0.5907177877631619
