seed = 3
n_neurons = 200

mean_goal1 = -0.41927761135268343
mean_goal2 = -0.5912736518103471
mean_goal3 = -0.09016042187119244
mean_goal4 = -0.06357669595365711
mean_goal5 = -0.632323181714572
mean_noplay1 = -0.16342866495991537
mean_noplay2 = -0.5977945017427883
mean_noplay3 = -0.5568444115836387
mean_noplay4 = -0.25162004545516614
mean_noplay5 = -0.8183007005287902
mean_noplay6 = -0.6376897966725003
mean_noplay7 = -0.5636788954066374
mean_aim1 = 0.01432245760628025
mean_aim2 = -0.643340496541972
mean_aim3 = -0.07149693721752556
mean_aim4 = -0.2098439680062439
mean_aim5 = 0.12153052505140446
mean_aim6 = -0.038201250359797455
mean_aim7 = -0.4865979737270909
mean_aim8 = -0.6966212969179051
mean_aim9 = -0.3127676465050587
mean_aim10 = -0.247571777608741
mean_aim11 = -0.7092251902017838
