seed = 7
n_neurons = 5000

mean_goal1 = -1.0691786031738981
mean_goal2 = -0.6984705757846992
mean_goal3 = -0.809292427170825
mean_goal4 = -1.1734040582868102
mean_goal5 = -0.7286800887889068
mean_noplay1 = -0.888133229422931
mean_noplay2 = -1.437813098695298
mean_noplay3 = -1.3409500108954089
mean_noplay4 = -0.4633564524572425
mean_noplay5 = -0.9034332366218264
mean_noplay6 = -1.1949356008795975
mean_noplay7 = -1.1701954478280034
mean_aim1 = -0.3590362336126271
mean_aim2 = -1.23535466834614
mean_aim3 = -0.44364034389985
mean_aim4 = -0.7496194264390348
mean_aim5 = -0.3190557040838277
mean_aim6 = -0.5498008831763672
mean_aim7 = -0.9454865191462924
mean_aim8 = -1.2559196529975296
mean_aim9 = -0.8186456673020092
mean_aim10 = -0.8047122136561007
mean_aim11 = -1.3920789388506387
