seed = 17
n_neurons = 1000

mean_goal1 = -0.5068076716508053
mean_goal2 = -0.6856194412014519
mean_goal3 = -0.9093490524212976
mean_goal4 = -1.0427178832493207
mean_goal5 = -1.1566322286852246
mean_noplay1 = -0.5360184202924201
mean_noplay2 = -1.1988715693904988
mean_noplay3 = -1.114552181169347
mean_noplay4 = -0.7717382593529993
mean_noplay5 = -0.5922499677537175
mean_noplay6 = -0.39558961890450506
mean_noplay7 = -0.8600603243484298
mean_aim1 = -0.07529924681617378
mean_aim2 = -0.6721332346045061
mean_aim3 = -0.15790667469005137
mean_aim4 = -0.22094641999199768
mean_aim5 = 0.07795399578858923
mean_aim6 = -0.07239614077485373
mean_aim7 = -0.48670095241078043
mean_aim8 = -0.6428063497994148
mean_aim9 = -0.3110062363967126
mean_aim10 = -0.35038628185801124
mean_aim11 = -0.6457191482589032
