seed = 0
n_neurons = 5000

mean_goal1 = -1.3710595816133129
mean_goal2 = -1.2883577001187805
mean_goal3 = -1.0928162847732839
mean_goal4 = -1.2053591858025823
mean_goal5 = -1.5062600417385335
mean_noplay1 = -1.591112105970613
mean_noplay2 = -1.7757949114053289
mean_noplay3 = -1.7038984946807327
mean_noplay4 = -1.5938916540795491
mean_noplay5 = -1.4025200101265982
mean_noplay6 = -1.2309885784814032
mean_noplay7 = -1.717041831718209
mean_aim1 = -0.2667875891180996
mean_aim2 = -1.3864555000153982
mean_aim3 = -0.40352353811705094
mean_aim4 = -0.8812575534041444
mean_aim5 = -0.18416933520286458
mean_aim6 = -0.6540128867573988
mean_aim7 = -1.0459957227017305
mean_aim8 = -1.454662106931486
mean_aim9 = -0.9800541991652235
mean_aim10 = -1.0263099822376203
mean_aim11 = -1.3639530493261218
