seed = 2
n_neurons = 1000

mean_goal1 = -0.4729750359869918
mean_goal2 = -0.2902867557789139
mean_goal3 = -0.621201544149971
mean_goal4 = -0.1673106769814315
mean_goal5 = -0.006436519311413004
mean_noplay1 = -0.5837809003065448
mean_noplay2 = -0.6449309213106366
mean_noplay3 = -0.6479024422872492
mean_noplay4 = -0.5652691258139185
mean_noplay5 = -0.5719410569806345
mean_noplay6 = -0.2093542825638751
mean_noplay7 = -0.5673745952007709
mean_aim1 = -0.048391435364461145
mean_aim2 = -0.7023644830684636
mean_aim3 = -0.1496760288848349
mean_aim4 = -0.595064802625751
mean_aim5 = -0.23939056266837755
mean_aim6 = -0.4988176817757022
mean_aim7 = -0.547899849081254
mean_aim8 = -0.6245535511329987
mean_aim9 = -0.6106695817880771
mean_aim10 = -0.2693074311862201
mean_aim11 = -0.5476332230994913
