seed = 8
n_neurons = 1000

mean_goal1 = -0.1461251877468527
mean_goal2 = -0.56962905553088
mean_goal3 = -0.4517112026131701
mean_goal4 = -0.5003589751901677
mean_goal5 = -0.4815146713456096
mean_noplay1 = -0.7256305492584358
mean_noplay2 = -0.7599226764025366
mean_noplay3 = -0.4766355925351403
mean_noplay4 = -0.5334824544093858
mean_noplay5 = -0.6567001567447186
mean_noplay6 = -0.5358409069959221
mean_noplay7 = -0.7638489016147028
mean_aim1 = -0.07085481046169172
mean_aim2 = -0.7031677734668144
mean_aim3 = -0.1293996050358561
mean_aim4 = -0.34914496473011114
mean_aim5 = 0.11368389284604645
mean_aim6 = -0.16628404896284688
mean_aim7 = -0.4573937618173511
mean_aim8 = -0.7162166734338684
mean_aim9 = -0.36220374593663995
mean_aim10 = -0.5052593719039608
mean_aim11 = -0.767078511330668
