seed = 6
n_neurons = 5000

mean_goal1 = -1.033361980324622
mean_goal2 = -0.8887725616202188
mean_goal3 = -0.9106292680534467
mean_goal4 = -0.5921210304078552
mean_goal5 = -1.102633189691026
mean_noplay1 = -0.935804055379221
mean_noplay2 = -1.1324078705813654
mean_noplay3 = -1.3895481739737305
mean_noplay4 = -0.9569928604294458
mean_noplay5 = -0.45125933096568016
mean_noplay6 = -1.1364301127441756
mean_noplay7 = -0.839261256522645
mean_aim1 = -0.4444647149382248
mean_aim2 = -1.0783080539660057
mean_aim3 = -0.5973984382536
mean_aim4 = -0.9921875802128038
mean_aim5 = -0.32871144793325174
mean_aim6 = -0.779903894145734
mean_aim7 = -1.1562311319543517
mean_aim8 = -1.3687315519057786
mean_aim9 = -0.9692580348383528
mean_aim10 = -1.1160040869145316
mean_aim11 = -1.4235784602390082
