seed = 4
n_neurons = 2000

mean_goal1 = -0.6595176173826144
mean_goal2 = -0.6881732424193276
mean_goal3 = -0.4873466724877847
mean_goal4 = -0.5905054107440927
mean_goal5 = -0.3869265984116168
mean_noplay1 = -0.6392978308869525
mean_noplay2 = -0.48391042510181326
mean_noplay3 = -0.5234697670284474
mean_noplay4 = -0.5457392355399432
mean_noplay5 = -0.8625979156644163
mean_noplay6 = -0.4948722768006473
mean_noplay7 = -0.2849415602628617
mean_aim1 = -0.48457509006675265
mean_aim2 = -1.3422143336137569
mean_aim3 = -0.6674140592962217
mean_aim4 = -0.8307353262165736
mean_aim5 = -0.5632877911683366
mean_aim6 = -0.726578533318927
mean_aim7 = -0.9471960887945452
mean_aim8 = -0.9988799852316705
mean_aim9 = -0.8359334736457833
mean_aim10 = -0.7398647083113888
mean_aim11 = -1.0767751412948736
