seed = 6
n_neurons = 1000

mean_goal1 = -0.49565246208887015
mean_goal2 = -0.26556760309607247
mean_goal3 = -0.35999042276431165
mean_goal4 = 0.02926229440451464
mean_goal5 = -0.6237720747474638
mean_noplay1 = -0.5757664946188309
mean_noplay2 = -0.9351732167427819
mean_noplay3 = -0.9737189442544292
mean_noplay4 = -0.6408983259810309
mean_noplay5 = -0.32300293696527216
mean_noplay6 = -0.5683414361277042
mean_noplay7 = -0.5034235202607323
mean_aim1 = -0.4274644839240235
mean_aim2 = -0.5104678148766282
mean_aim3 = -0.43054573294498705
mean_aim4 = -0.5368620008907535
mean_aim5 = -0.2691578436515232
mean_aim6 = -0.4827615288614153
mean_aim7 = -0.7562725298384849
mean_aim8 = -0.8125191250056348
mean_aim9 = -0.5692995494255224
mean_aim10 = -0.6965573456134828
mean_aim11 = -0.9244661106685924
