seed = 0
n_neurons = 500

mean_goal1 = -0.793010173782102
mean_goal2 = -0.7026064395803139
mean_goal3 = -0.4884681463289446
mean_goal4 = -0.5119896149084677
mean_goal5 = -0.9466145271497827
mean_noplay1 = -0.8816257492576622
mean_noplay2 = -0.7824158060792618
mean_noplay3 = -0.8692785426083538
mean_noplay4 = -0.9547124653066142
mean_noplay5 = -0.7116741453080456
mean_noplay6 = -0.6613073806835263
mean_noplay7 = -0.9137314561908002
mean_aim1 = -0.1364748067201447
mean_aim2 = -0.665562366014934
mean_aim3 = -0.22632020493502478
mean_aim4 = -0.33773041208573334
mean_aim5 = 0.018632283317759894
mean_aim6 = -0.16761607950176483
mean_aim7 = -0.5361900056185509
mean_aim8 = -0.8026004858929614
mean_aim9 = -0.31356939701145686
mean_aim10 = -0.5325795839142532
mean_aim11 = -0.6939777220730671
