seed = 5
n_neurons = 1000

mean_goal1 = -0.8929838168857591
mean_goal2 = -0.9013907928729705
mean_goal3 = -0.865791730363434
mean_goal4 = -0.9023342255301455
mean_goal5 = -0.59074813669844
mean_noplay1 = -0.7639429957451761
mean_noplay2 = -1.1581518805662598
mean_noplay3 = -0.8633067471720359
mean_noplay4 = -0.908972626211265
mean_noplay5 = -1.1521375613496843
mean_noplay6 = -0.8317459169849394
mean_noplay7 = -0.6153652560372719
mean_aim1 = -0.5662209244667045
mean_aim2 = -0.8980077749368982
mean_aim3 = -0.6200676263496105
mean_aim4 = -0.7244966386878403
mean_aim5 = -0.6399223609428587
mean_aim6 = -0.6688641077513235
mean_aim7 = -0.7512453661134073
mean_aim8 = -0.6798843455838038
mean_aim9 = -0.8298248498581301
mean_aim10 = -0.47793738240975214
mean_aim11 = -0.7770494408818491
