seed = 0
n_neurons = 2000

mean_goal1 = -1.221611213489895
mean_goal2 = -1.1360730767598421
mean_goal3 = -0.8327220268282585
mean_goal4 = -0.9913256861386893
mean_goal5 = -1.2635468396949274
mean_noplay1 = -1.0212806520611086
mean_noplay2 = -1.4471936503025469
mean_noplay3 = -1.4390108690011212
mean_noplay4 = -1.4331007412062393
mean_noplay5 = -0.9057489115112588
mean_noplay6 = -1.0380093910420636
mean_noplay7 = -1.4107522650467217
mean_aim1 = -0.23997086598444747
mean_aim2 = -1.140451071641741
mean_aim3 = -0.3540806648099242
mean_aim4 = -0.47559235119871235
mean_aim5 = -0.10477244519386432
mean_aim6 = -0.41342928340185986
mean_aim7 = -1.116953853907729
mean_aim8 = -1.3541364419742243
mean_aim9 = -0.743231675181329
mean_aim10 = -0.8968281668737937
mean_aim11 = -1.3128936854912376
