seed = 7
n_neurons = 1000

mean_goal1 = -0.7131118111878666
mean_goal2 = -0.5099974088735925
mean_goal3 = -0.5992422844145368
mean_goal4 = -0.8373902352335767
mean_goal5 = -0.55756389285259
mean_noplay1 = -0.6000492349921421
mean_noplay2 = -0.9367012354226967
mean_noplay3 = -0.7515363212260258
mean_noplay4 = -0.26373753876951017
mean_noplay5 = -0.6413568987749415
mean_noplay6 = -0.8682905802625352
mean_noplay7 = -1.1161852092131115
mean_aim1 = -0.153946276984338
mean_aim2 = -1.0096742718757319
mean_aim3 = -0.2481609511891775
mean_aim4 = -0.5633662926436619
mean_aim5 = -0.09243132383283961
mean_aim6 = -0.31507402612861474
mean_aim7 = -0.8891742713537154
mean_aim8 = -1.195121945420764
mean_aim9 = -0.6114801745113547
mean_aim10 = -0.7192184497237898
mean_aim11 = -1.2782874271964157
