seed = 4
n_neurons = 500

mean_goal1 = -0.5131460764525071
mean_goal2 = -0.5197288044471059
mean_goal3 = -0.27431171437300234
mean_goal4 = -0.45656825595328887
mean_goal5 = -0.15460006032063459
mean_noplay1 = -0.7264913978883786
mean_noplay2 = -0.4865702871200595
mean_noplay3 = -0.24490200395400058
mean_noplay4 = -0.24355302929719091
mean_noplay5 = -0.522272813813973
mean_noplay6 = -0.3617146574227421
mean_noplay7 = -0.3092354885306298
mean_aim1 = -0.3308296240730239
mean_aim2 = -0.513050368685975
mean_aim3 = -0.48224440621425463
mean_aim4 = -0.5213788862264279
mean_aim5 = -0.5684984852491931
mean_aim6 = -0.43477250543265245
mean_aim7 = -0.6064218288940283
mean_aim8 = -0.6434550242501698
mean_aim9 = -0.5264525352435668
mean_aim10 = -0.3025126692385063
mean_aim11 = -0.534247542010711
