seed = 18
n_neurons = 500

mean_goal1 = -0.3643542504000387
mean_goal2 = -0.44962657532940625
mean_goal3 = -0.24436182083021848
mean_goal4 = 0.27879461459977994
mean_goal5 = -0.5354732283043637
mean_noplay1 = 0.3661186021170151
mean_noplay2 = 0.1482786005253373
mean_noplay3 = -0.541543775535588
mean_noplay4 = -0.362408744453773
mean_noplay5 = 0.45788444694700414
mean_noplay6 = 0.3867373118491945
mean_noplay7 = -0.3514717989648593
mean_aim1 = 0.23727809318335238
mean_aim2 = -0.8910516483829545
mean_aim3 = 0.17133600631330656
mean_aim4 = -0.08448396892200982
mean_aim5 = 0.41557686021790013
mean_aim6 = 0.22953795981932737
mean_aim7 = -0.5950971714773848
mean_aim8 = -0.6978286140441354
mean_aim9 = -0.36631205567125813
mean_aim10 = -0.2760947750159591
mean_aim11 = -0.7793285303225206
