seed = 19
n_neurons = 5000

mean_goal1 = -1.0997507529848405
mean_goal2 = -0.6917738354693416
mean_goal3 = -0.26361056115859677
mean_goal4 = -1.0699061905562859
mean_goal5 = -0.20247545125849026
mean_noplay1 = -1.475338298369456
mean_noplay2 = -1.2450724835107108
mean_noplay3 = -0.740273174363923
mean_noplay4 = -0.740951904826103
mean_noplay5 = -0.32566467149535056
mean_noplay6 = -0.8902213224616341
mean_noplay7 = -0.56642856260326
mean_aim1 = 0.05685805695317325
mean_aim2 = -1.276681895315613
mean_aim3 = -0.1036033490527452
mean_aim4 = -0.46198521792374225
mean_aim5 = 0.2590423210882076
mean_aim6 = -0.17104568155848507
mean_aim7 = -0.9132349730487058
mean_aim8 = -0.9966843358138875
mean_aim9 = -0.6996060729277788
mean_aim10 = -0.7436730767737492
mean_aim11 = -1.149211941254386
