seed = 0
n_neurons = 1000

mean_goal1 = -0.973537293115658
mean_goal2 = -0.8900404599302657
mean_goal3 = -0.645514265611053
mean_goal4 = -0.7486861909128537
mean_goal5 = -1.1457072231437482
mean_noplay1 = -1.0618690751064208
mean_noplay2 = -1.0264311050213724
mean_noplay3 = -1.0954413519053487
mean_noplay4 = -1.0253615707463688
mean_noplay5 = -0.9010598250703709
mean_noplay6 = -0.8908936755956895
mean_noplay7 = -0.9871577707288802
mean_aim1 = -0.09668521993943358
mean_aim2 = -0.8445929579734478
mean_aim3 = -0.20670632241342668
mean_aim4 = -0.3877335141341961
mean_aim5 = 0.06314137241691489
mean_aim6 = -0.19595097505919842
mean_aim7 = -0.6445546544450697
mean_aim8 = -1.0141801266082304
mean_aim9 = -0.38884332290261775
mean_aim10 = -0.651488693643905
mean_aim11 = -0.8503043997639835
