seed = 19
n_neurons = 200

mean_goal1 = -0.7416694763666637
mean_goal2 = -0.22124328988163935
mean_goal3 = 0.006395901022359127
mean_goal4 = -0.6491922025680836
mean_goal5 = 0.13682973773224874
mean_noplay1 = -0.7012482492414495
mean_noplay2 = -0.8708708682486935
mean_noplay3 = -0.3719094601781706
mean_noplay4 = -0.37670278447559885
mean_noplay5 = 0.0606416119341109
mean_noplay6 = -0.39310043053203264
mean_noplay7 = -0.054928071321077014
mean_aim1 = -0.03811293568945156
mean_aim2 = -0.7021343517651435
mean_aim3 = -0.13739695962027293
mean_aim4 = -0.1944725703033894
mean_aim5 = -0.12505566647610852
mean_aim6 = -0.04853628911369024
mean_aim7 = -0.5122712633407066
mean_aim8 = -0.5772709241717
mean_aim9 = -0.5599684467662239
mean_aim10 = -0.3520305928937406
mean_aim11 = -0.5861964081320877
