seed = 12
n_neurons = 5000

mean_goal1 = -1.5987865746803855
mean_goal2 = -0.13470849227816187
mean_goal3 = -0.7055454842704436
mean_goal4 = -1.5549835898261348
mean_goal5 = -0.7872343762372145
mean_noplay1 = -1.7425124645706973
mean_noplay2 = -1.2344476898515626
mean_noplay3 = -1.5911717108959416
mean_noplay4 = -1.2127936496524412
mean_noplay5 = -0.46041441068880723
mean_noplay6 = -1.2261865890975499
mean_noplay7 = -1.4414771685673766
mean_aim1 = 0.017452712536615234
mean_aim2 = -0.9392513294955127
mean_aim3 = -0.15049906378997868
mean_aim4 = -0.6062331546461373
mean_aim5 = -0.2250696517348561
mean_aim6 = -0.6513399837570475
mean_aim7 = -0.9446869410444885
mean_aim8 = -1.13232753796783
mean_aim9 = -0.6028827562887799
mean_aim10 = -0.4415266179577801
mean_aim11 = -1.2917254224465344
