seed = 9
n_neurons = 5000

mean_goal1 = -1.1398445442150997
mean_goal2 = -1.2714367092944427
mean_goal3 = -1.097195210575721
mean_goal4 = -0.7500536534589262
mean_goal5 = -1.3990764348929372
mean_noplay1 = -0.3479554738110814
mean_noplay2 = -0.36891011098160004
mean_noplay3 = -0.9566758074962215
mean_noplay4 = -0.9667967837016014
mean_noplay5 = -1.349404840324328
mean_noplay6 = -1.0742176176328038
mean_noplay7 = -1.1907717997103624
mean_aim1 = -0.5427084816425978
mean_aim2 = -1.2442991029796315
mean_aim3 = -0.6479003137863727
mean_aim4 = -0.8745393313291364
mean_aim5 = -0.49273723754657955
mean_aim6 = -0.7937512174729168
mean_aim7 = -1.2128416400674777
mean_aim8 = -1.2973852215832438
mean_aim9 = -0.9981451343642037
mean_aim10 = -1.0022423447862652
mean_aim11 = -1.3442200623724565
