seed = 9
n_neurons = 500

mean_goal1 = -0.691058979998008
mean_goal2 = -0.6737205563700951
mean_goal3 = -0.5879643637887771
mean_goal4 = -0.32017677603662176
mean_goal5 = -0.7479080356964098
mean_noplay1 = -0.15826199962590382
mean_noplay2 = -0.07799220456624219
mean_noplay3 = -0.5483553321144468
mean_noplay4 = -0.43982680447076794
mean_noplay5 = -0.8860195970766427
mean_noplay6 = -0.7710729000563917
mean_noplay7 = -0.5567202254895997
mean_aim1 = -0.19452132646367584
mean_aim2 = -0.6936446669647831
mean_aim3 = -0.22735730804139487
mean_aim4 = -0.3466980590438736
mean_aim5 = -0.06118523743742202
mean_aim6 = -0.23586901837940022
mean_aim7 = -0.6120419080353181
mean_aim8 = -0.7727543539706804
mean_aim9 = -0.4323304080020822
mean_aim10 = -0.4885418658739254
mean_aim11 = -0.8065049680927754
