seed = 15
n_neurons = 1000

mean_goal1 = -0.5904864658302291
mean_goal2 = -0.9937881941022586
mean_goal3 = -0.78037131111287
mean_goal4 = -0.9004059350710081
mean_goal5 = -1.0803420401518402
mean_noplay1 = -1.0371158146455999
mean_noplay2 = -0.8827617719885855
mean_noplay3 = -1.2546347597081822
mean_noplay4 = -0.9411036463705873
mean_noplay5 = -0.7161592475084708
mean_noplay6 = -1.2199804527804747
mean_noplay7 = -0.9459450922646695
mean_aim1 = -0.8470144370986913
mean_aim2 = -1.144202363294233
mean_aim3 = -0.9573137322432856
mean_aim4 = -0.9605968337856361
mean_aim5 = -0.9017820004063102
mean_aim6 = -1.0062018949917295
mean_aim7 = -0.6814153892492292
mean_aim8 = -0.7100114484888634
mean_aim9 = -0.8939356635303021
mean_aim10 = -0.7197451656554182
mean_aim11 = -0.503630446016459
