seed = 3
n_neurons = 1000

mean_goal1 = -0.6297086232980137
mean_goal2 = -0.8511800456876704
mean_goal3 = -0.18141554008381017
mean_goal4 = -0.15262879162091125
mean_goal5 = -1.0468046142421747
mean_noplay1 = -0.25223740094370123
mean_noplay2 = -0.8187801108432267
mean_noplay3 = -0.9243279212924633
mean_noplay4 = -0.37977339048648084
mean_noplay5 = -1.0067384102801287
mean_noplay6 = -0.9350062682380241
mean_noplay7 = -0.9016714431532104
mean_aim1 = -0.02541952408780499
mean_aim2 = -1.0482089516575939
mean_aim3 = -0.1340543923017663
mean_aim4 = -0.4384883410041884
mean_aim5 = 0.08467645505256316
mean_aim6 = -0.1794247390024187
mean_aim7 = -0.6640075371189659
mean_aim8 = -1.0705234388233476
mean_aim9 = -0.4716544569971207
mean_aim10 = -0.48968832112908744
mean_aim11 = -1.0773124866537624
