seed = 2
n_neurons = 5000

mean_goal1 = -0.8973887966417675
mean_goal2 = -0.6667366461151377
mean_goal3 = -1.2039290330903964
mean_goal4 = -0.452436775274046
mean_goal5 = -0.060219891304165704
mean_noplay1 = -0.7449695048885762
mean_noplay2 = -1.0265425958038306
mean_noplay3 = -1.3550190782463831
mean_noplay4 = -1.0692624787298537
mean_noplay5 = -1.2062212246178607
mean_noplay6 = -0.5757659705826967
mean_noplay7 = -0.7522354134420319
mean_aim1 = -0.022555514704053797
mean_aim2 = -0.9331125439013446
mean_aim3 = -0.08874657233304081
mean_aim4 = -0.5099562209460637
mean_aim5 = -0.03357347350722572
mean_aim6 = -0.3121623081504936
mean_aim7 = -0.6218556994164232
mean_aim8 = -0.7146337934453708
mean_aim9 = -0.5927728348562997
mean_aim10 = -0.37184423220287083
mean_aim11 = -0.606375770700272
