seed = 14
n_neurons = 200

mean_goal1 = -0.25609528493921924
mean_goal2 = -0.9211720352870659
mean_goal3 = -0.46033903450828173
mean_goal4 = 0.132473988483876
mean_goal5 = -0.08179450702019586
mean_noplay1 = -0.5851840210028794
mean_noplay2 = 0.17895046767753559
mean_noplay3 = 0.14925626937135
mean_noplay4 = 0.08012259462576626
mean_noplay5 = -0.11929866281560433
mean_noplay6 = -0.9805172590707346
mean_noplay7 = -0.4585599657313383
mean_aim1 = 0.04427716177332486
mean_aim2 = -0.5598694125254973
mean_aim3 = -0.023362242922228646
mean_aim4 = -0.13723121398033464
mean_aim5 = 0.11019174176204563
mean_aim6 = 0.08487234438616553
mean_aim7 = -0.6203308245826646
mean_aim8 = -0.6551382707344495
mean_aim9 = -0.39990984985253025
mean_aim10 = -0.18511610159578598
mean_aim11 = -0.8085514960519504
