seed = 19
n_neurons = 1000

mean_goal1 = -0.8589917563906925
mean_goal2 = -0.38953950452355435
mean_goal3 = -0.03550615356994635
mean_goal4 = -0.8258173132346894
mean_goal5 = 0.039795183042520575
mean_noplay1 = -1.0492683832557301
mean_noplay2 = -0.9911869812675838
mean_noplay3 = -0.474681861888993
mean_noplay4 = -0.5834018586457321
mean_noplay5 = -0.2347456044444237
mean_noplay6 = -0.6281367872830131
mean_noplay7 = -0.33694803248791394
mean_aim1 = -0.07093907924734794
mean_aim2 = -1.0361248757651293
mean_aim3 = -0.11291646496391891
mean_aim4 = -0.4209862443235935
mean_aim5 = 0.1100755259856601
mean_aim6 = -0.2540342197660486
mean_aim7 = -0.7390772756635936
mean_aim8 = -0.6451438753460087
mean_aim9 = -0.6813726616488649
mean_aim10 = -0.478979691949404
mean_aim11 = -0.7346415459800667
