seed = 7
n_neurons = 200

mean_goal1 = -0.6229074222033847
mean_goal2 = -0.3341647018658741
mean_goal3 = -0.4143984063518153
mean_goal4 = -0.6380503308077227
mean_goal5 = -0.3926605819328421
mean_noplay1 = -0.4587700720032322
mean_noplay2 = -0.7870211623531039
mean_noplay3 = -0.4712594533661891
mean_noplay4 = -0.25189779732004364
mean_noplay5 = -0.541792864295843
mean_noplay6 = -0.7147437450787325
mean_noplay7 = -0.760492113621094
mean_aim1 = -0.22192951253854074
mean_aim2 = -0.7497814164707282
mean_aim3 = -0.3098561900761333
mean_aim4 = -0.3660780140622558
mean_aim5 = -0.11736586345677164
mean_aim6 = -0.21376361335070204
mean_aim7 = -0.665051761061182
mean_aim8 = -0.8428983520276675
mean_aim9 = -0.499554929082385
mean_aim10 = -0.500727116157192
mean_aim11 = -0.897611839710022
