seed = 10
n_neurons = 200

mean_goal1 = -0.522852855484849
mean_goal2 = -0.20341494716961164
mean_goal3 = -0.32268081183649383
mean_goal4 = -0.5777571845598471
mean_goal5 = -0.28409306954273483
mean_noplay1 = -0.8282822399587872
mean_noplay2 = -0.486881024737896
mean_noplay3 = -0.41153120068951354
mean_noplay4 = -0.7922195652395128
mean_noplay5 = -0.5440270400755193
mean_noplay6 = -0.33581096264711774
mean_noplay7 = -0.34461695396501074
mean_aim1 = -0.2464448891386035
mean_aim2 = -0.5363447421371275
mean_aim3 = -0.33113030069917637
mean_aim4 = -0.46692543845514145
mean_aim5 = -0.217904085601878
mean_aim6 = -0.44536404185112133
mean_aim7 = -0.5458080975859667
mean_aim8 = -0.7540849854061389
mean_aim9 = -0.30368792275402307
mean_aim10 = -0.4153861741285148
mean_aim11 = -0.7111867373476723
