seed = 11
n_neurons = 1000

mean_goal1 = -0.8340982183055952
mean_goal2 = -0.8677039521196485
mean_goal3 = -0.21821663775550793
mean_goal4 = -0.8404408670725009
mean_goal5 = -0.8257764360572809
mean_noplay1 = -0.7755596576067071
mean_noplay2 = -1.2479003175733039
mean_noplay3 = -0.9914206754918813
mean_noplay4 = -0.541538473079801
mean_noplay5 = -0.8958442131265667
mean_noplay6 = -0.8929890490783219
mean_noplay7 = -0.9854129753005455
mean_aim1 = -0.006963730945152498
mean_aim2 = -0.849377826196958
mean_aim3 = -0.07348697274527555
mean_aim4 = -0.3316423187236976
mean_aim5 = 0.1608864470745822
mean_aim6 = -0.1168193836568267
mean_aim7 = -0.7255519245985925
mean_aim8 = -0.9270681536188479
mean_aim9 = -0.4147190944008304
mean_aim10 = -0.5352735455440181
mean_aim11 = -1.0192565856471065
