seed = 18
n_neurons = 1000

mean_goal1 = -0.4540502197940566
mean_goal2 = -0.6717434915622248
mean_goal3 = -0.34577163261413
mean_goal4 = 0.19833657979615624
mean_goal5 = -0.5869546312109853
mean_noplay1 = 0.27046258776364956
mean_noplay2 = 0.05461618358869434
mean_noplay3 = -0.5237973847574863
mean_noplay4 = -0.41662613626632133
mean_noplay5 = 0.37245892857904683
mean_noplay6 = 0.3054869226429164
mean_noplay7 = -0.4743117269106709
mean_aim1 = 0.2250007520552369
mean_aim2 = -0.9451963680492732
mean_aim3 = 0.11722475720872605
mean_aim4 = -0.13719791798164396
mean_aim5 = 0.3838557393931186
mean_aim6 = 0.1705519037860766
mean_aim7 = -0.6146587393594943
mean_aim8 = -0.8432577064188415
mean_aim9 = -0.40085922838018273
mean_aim10 = -0.3301274065596458
mean_aim11 = -0.8615669392463718
