seed = 1
n_neurons = 2000

mean_goal1 = -0.2352881621555054
mean_goal2 = -1.0102697861920755
mean_goal3 = -1.1064016128206307
mean_goal4 = -0.26117884006502917
mean_goal5 = -1.0148579976521364
mean_noplay1 = -1.023753904965373
mean_noplay2 = -0.7673299413108748
mean_noplay3 = -0.903722056239828
mean_noplay4 = -1.0388482956877414
mean_noplay5 = -1.2150115326617557
mean_noplay6 = -1.1875531392222354
mean_noplay7 = -1.2473840979886135
mean_aim1 = -0.07248752402986906
mean_aim2 = -0.9044371613558105
mean_aim3 = -0.32425487477630494
mean_aim4 = -0.46056616452409643
mean_aim5 = -0.032234695965038584
mean_aim6 = -0.24453983151132908
mean_aim7 = -0.9616032340713287
mean_aim8 = -1.167916850576066
mean_aim9 = -0.6618942695469382
mean_aim10 = -0.8330315957329804
mean_aim11 = -1.3358155791437765
