seed = 7
n_neurons = 500

mean_goal1 = -0.657440909613679
mean_goal2 = -0.4193483073271962
mean_goal3 = -0.4992599597878018
mean_goal4 = -0.7794467581341481
mean_goal5 = -0.4666977046196504
mean_noplay1 = -0.5504465491173042
mean_noplay2 = -0.863843294804842
mean_noplay3 = -0.594137305982783
mean_noplay4 = -0.26549672352995213
mean_noplay5 = -0.6036682805538431
mean_noplay6 = -0.8456077437743261
mean_noplay7 = -0.9226282287207023
mean_aim1 = -0.15021522439239426
mean_aim2 = -0.9053222918673538
mean_aim3 = -0.24960560501578793
mean_aim4 = -0.4780851529993077
mean_aim5 = 0.015418371107016151
mean_aim6 = -0.23967968642441043
mean_aim7 = -0.7763423715583394
mean_aim8 = -1.0127974018338644
mean_aim9 = -0.5459441311213465
mean_aim10 = -0.604547927240048
mean_aim11 = -1.0592232818775023
