seed = 18
n_neurons = 200

mean_goal1 = -0.3324972998150572
mean_goal2 = -0.8571804541589799
mean_goal3 = -0.18838987358465759
mean_goal4 = 0.2596455780681887
mean_goal5 = -0.45698831871363876
mean_noplay1 = 0.3768555609099023
mean_noplay2 = 0.2183784031453222
mean_noplay3 = -0.7522015977375197
mean_noplay4 = -0.2998294337466653
mean_noplay5 = 0.44636005521243444
mean_noplay6 = 0.3954586639905805
mean_noplay7 = -0.15032679071802882
mean_aim1 = 0.3401713560269137
mean_aim2 = -0.8063165473059393
mean_aim3 = 0.2694239145309773
mean_aim4 = 0.048221383294819155
mean_aim5 = 0.5271849784207986
mean_aim6 = 0.38538404238284907
mean_aim7 = -0.5555126200993389
mean_aim8 = -0.7283871139251531
mean_aim9 = -0.2697592440422673
mean_aim10 = -0.18169675618391565
mean_aim11 = -0.8769349016522902
