seed = 13
n_neurons = 2000

mean_goal1 = -0.8914968404262459
mean_goal2 = -0.9548466069904369
mean_goal3 = -0.5504211029792213
mean_goal4 = -0.8118304054443307
mean_goal5 = -0.20785120499805657
mean_noplay1 = -0.8865675871104005
mean_noplay2 = -0.8284516987871962
mean_noplay3 = -1.235454635513347
mean_noplay4 = -0.7830010278130829
mean_noplay5 = -1.1222455227458554
mean_noplay6 = -0.9393984673708953
mean_noplay7 = -0.7745403945167936
mean_aim1 = -0.005249234699719813
mean_aim2 = -0.9826240866520065
mean_aim3 = -0.12798619127038457
mean_aim4 = -0.3686039431370537
mean_aim5 = 0.08502052823762137
mean_aim6 = -0.16516336487836195
mean_aim7 = -0.7748992850192642
mean_aim8 = -0.958919890740968
mean_aim9 = -0.5875480566090574
mean_aim10 = -0.4903024234506597
mean_aim11 = -1.0373846234163457
