seed = 2
n_neurons = 200

mean_goal1 = -0.3463247497635908
mean_goal2 = -0.19411620149145004
mean_goal3 = -0.4451383470472566
mean_goal4 = -0.16690283246590884
mean_goal5 = -0.082682448668046
mean_noplay1 = -0.35988455112194573
mean_noplay2 = -0.47493948043694256
mean_noplay3 = -0.4903554085066677
mean_noplay4 = -0.47223819263089684
mean_noplay5 = -0.4619522763911631
mean_noplay6 = -0.15734937683329178
mean_noplay7 = -0.44350574818898814
mean_aim1 = -0.271060995232135
mean_aim2 = -0.5155751984097797
mean_aim3 = -0.2348902861910452
mean_aim4 = -0.5089546561155495
mean_aim5 = -0.39807987269258177
mean_aim6 = -0.46951285934074866
mean_aim7 = -0.36780331837920877
mean_aim8 = -0.376103217530482
mean_aim9 = -0.5259605911155028
mean_aim10 = -0.2682109270114551
mean_aim11 = -0.3811114201342574
