seed = 12
n_neurons = 2000

mean_goal1 = -1.3262736749584247
mean_goal2 = 0.200367096333286
mean_goal3 = -0.4013155039039073
mean_goal4 = -1.2149846991843005
mean_goal5 = -0.6114220140632852
mean_noplay1 = -1.46889214411005
mean_noplay2 = -1.123026285310955
mean_noplay3 = -1.4794275276770121
mean_noplay4 = -0.9818455567442768
mean_noplay5 = -0.3913295567522738
mean_noplay6 = -1.0460234310795817
mean_noplay7 = -1.3919739368583408
mean_aim1 = -0.14434847262338882
mean_aim2 = -0.7985794839694962
mean_aim3 = -0.19703486774454232
mean_aim4 = -0.5173151447917116
mean_aim5 = -0.027672511521544815
mean_aim6 = -0.3116835441998812
mean_aim7 = -0.8152454755045704
mean_aim8 = -0.8669994953054645
mean_aim9 = -0.5259944291464875
mean_aim10 = -0.6329715991048165
mean_aim11 = -0.962215094669692
