seed = 3
n_neurons = 2000

mean_goal1 = -0.7561793047910711
mean_goal2 = -1.0612913520664562
mean_goal3 = -0.26831579057333627
mean_goal4 = -0.19327826786719146
mean_goal5 = -1.2922378959761447
mean_noplay1 = -0.26334649298115703
mean_noplay2 = -1.0629106320471442
mean_noplay3 = -1.1759089556203082
mean_noplay4 = -0.5039542209733617
mean_noplay5 = -1.0997070049410296
mean_noplay6 = -1.1828705015205854
mean_noplay7 = -1.5050776150755614
mean_aim1 = -0.06573476640904746
mean_aim2 = -1.0493861797746282
mean_aim3 = -0.19969204959801165
mean_aim4 = -0.4355704097365729
mean_aim5 = -0.054377710488814145
mean_aim6 = -0.25059760675608495
mean_aim7 = -0.6136419642883769
mean_aim8 = -0.9040059804898988
mean_aim9 = -0.523784212432728
mean_aim10 = -0.43111758481529827
mean_aim11 = -0.9367605812940085
