seed = 5
n_neurons = 2000

mean_goal1 = -1.1551183508794194
mean_goal2 = -1.0544557194053608
mean_goal3 = -0.9260610133884232
mean_goal4 = -0.9877799300742508
mean_goal5 = -0.8287186377321479
mean_noplay1 = -0.9678453008581329
mean_noplay2 = -1.2785312124985377
mean_noplay3 = -0.9059212505079628
mean_noplay4 = -0.9914875299233724
mean_noplay5 = -1.3318103231206377
mean_noplay6 = -0.9102547171234884
mean_noplay7 = -0.76907264092574
mean_aim1 = -0.6994707618999573
mean_aim2 = -0.9064582303910779
mean_aim3 = -0.6952923376045382
mean_aim4 = -0.8392075878110562
mean_aim5 = -0.679751297472542
mean_aim6 = -0.7657458168590966
mean_aim7 = -0.8664705819986946
mean_aim8 = -0.9459050339019167
mean_aim9 = -0.8092978239828633
mean_aim10 = -0.5593062874082176
mean_aim11 = -0.958999264178503
