seed = 19
n_neurons = 2000

mean_goal1 = -0.8019708954011407
mean_goal2 = -0.5720471492709378
mean_goal3 = -0.2116527857730996
mean_goal4 = -0.830267971227378
mean_goal5 = -0.08883572061162466
mean_noplay1 = -1.167413338058668
mean_noplay2 = -0.7162157638014589
mean_noplay3 = -0.5600045720497728
mean_noplay4 = -0.6220460576611385
mean_noplay5 = -0.22447245306176183
mean_noplay6 = -0.6782098482153165
mean_noplay7 = -0.3344166003796675
mean_aim1 = -0.26389351826819524
mean_aim2 = -1.2187277641826588
mean_aim3 = -0.2604296690818568
mean_aim4 = -0.6745314867221227
mean_aim5 = -0.2685709765264844
mean_aim6 = -0.47296814981607754
mean_aim7 = -0.782523811500595
mean_aim8 = -0.8229673331268749
mean_aim9 = -0.989208315905304
mean_aim10 = -0.5687965842178758
mean_aim11 = -0.8451214371583373
