seed = 14
n_neurons = 1000

mean_goal1 = -0.43442391375800143
mean_goal2 = -0.9354609524942943
mean_goal3 = -0.6049689119809204
mean_goal4 = -0.03445587362417815
mean_goal5 = -0.3350299100995477
mean_noplay1 = -0.4575080778547609
mean_noplay2 = -0.03658398832102414
mean_noplay3 = -0.09468828128987886
mean_noplay4 = -0.18594847304855758
mean_noplay5 = -0.37801033770307324
mean_noplay6 = -1.2401719402609643
mean_noplay7 = -0.6264746839047701
mean_aim1 = -0.06878320820864652
mean_aim2 = -0.8650713637807862
mean_aim3 = -0.19824125135030185
mean_aim4 = -0.3129160253700548
mean_aim5 = 0.012764545418119914
mean_aim6 = -0.0967789328700835
mean_aim7 = -0.7481344632464861
mean_aim8 = -0.885410962012875
mean_aim9 = -0.4989228325168121
mean_aim10 = -0.6500917507060447
mean_aim11 = -0.9510866203589755
