seed = 11
n_neurons = 200

mean_goal1 = -0.5626487072283849
mean_goal2 = -0.5509662312976622
mean_goal3 = -0.05112643581290023
mean_goal4 = -0.5617751082329269
mean_goal5 = -0.5620136993955381
mean_noplay1 = -0.4988142777834276
mean_noplay2 = -0.6028085825925692
mean_noplay3 = -0.5519643614809523
mean_noplay4 = -0.30906976986150203
mean_noplay5 = -0.7465651334157072
mean_noplay6 = -0.6118776168130355
mean_noplay7 = -0.6323079495499724
mean_aim1 = 0.13889805644672465
mean_aim2 = -0.5623349769833362
mean_aim3 = 0.014423484045118925
mean_aim4 = -0.12210071059154175
mean_aim5 = 0.16264855297248929
mean_aim6 = 0.0638434670321707
mean_aim7 = -0.4755855281920099
mean_aim8 = -0.6906871650690173
mean_aim9 = -0.32405079324511465
mean_aim10 = -0.31147843570399947
mean_aim11 = -0.73908949105544
