seed = 1
n_neurons = 1000

mean_goal1 = -0.25559105945629496
mean_goal2 = -0.9463797220504611
mean_goal3 = -1.0299967785684696
mean_goal4 = -0.21551953838202892
mean_goal5 = -0.7208301831788253
mean_noplay1 = -0.7452714943096106
mean_noplay2 = -0.7495870068420295
mean_noplay3 = -0.9640890431925891
mean_noplay4 = -0.9589753953037117
mean_noplay5 = -1.4607589296169454
mean_noplay6 = -1.3665809877916564
mean_noplay7 = -0.5963455671300226
mean_aim1 = -0.06448152785836499
mean_aim2 = -0.9283780662008386
mean_aim3 = -0.3080031896359169
mean_aim4 = -0.45551464152180826
mean_aim5 = -0.15356447349908206
mean_aim6 = -0.31321895642485603
mean_aim7 = -0.8140191396804923
mean_aim8 = -1.0538816030438918
mean_aim9 = -0.57498400634604
mean_aim10 = -0.6414088667208303
mean_aim11 = -1.1930812517776725
